0	285	47,7276,7507,6072,6887,7331,10038,7268,876,7508,7266,7327,6559,3911,888,122,5551,8316,1207,3033
1	352	156,1030,6114,1023,917,4896,4898,4922,8160,4893,1348,4902,4900,855,4901,6,1195,4921,323,4895
2	622	11203,3732,3740,3739,3738,3737,3736,3735,3734,3733,3731,3742,3730,3729,3728,3727,3726,3725,3724,3723
3	736	6114,1188,1023,1195,360,2692,6464,508,6120,1966,1404,7758,156,6465,111,6881,6125,8160,9425,1753
4	445	6966,9326,9316,9339,9308,1748,9298,9302,8441,9331,4702,4703,9329,2436,10379,9344,4440,10382,9307,9338
5	652	3421,2385,9680,10989,2298,4790,2914,9608,9579,9407,4657,8234,964,4791,6713,60,9563,7729,9573,9622
6	375	8316,11021,11020,252,5239,122,2692,8320,8319,7607,7608,360,11008,1512,8966,8948,7611,10592,8315,246
8	400	11203,3732,3740,3739,3738,3737,3736,3735,3734,3733,3731,3742,3730,3729,3728,3727,3726,3725,3724,3723
9	133	156,1012,6536,4013,5488,8712,905,903,2356,893,900,5480,2358,2361,889,1383,2360,1387,3738,5487
10	620	8316,7014,1632,10459,1631,7522,1617,1622,7019,8320,8319,3402,1612,7020,1608,1623,4115,252,1630,1607
11	220	6447,6393,6408,156,6391,6413,6397,6402,6414,6458,6415,6450,6396,6416,6394,6412,6399,6401,6422,6395
13	826	8880,8882,871,148,8890,8889,8885,73,1881,1327,3206,220,417,4979,384,180,2947,1434,26,1049
14	333	2048,2243,541,2244,3065,4198,579,1589,3074,4407,5153,2738,4202,4197,3667,1054,9874,4393,898,2072
15	127	1901,3351,71,9419,2519,5219,1735,5234,4058,955,1680,6748,5925,1282,7885,8147,1036,1274,7735,135
16	430	12,365,64,342,349,704,122,876,353,351,2333,156,252,2330,36,8316,47,2331,356,2581
17	379	1659,3000,1660,10969,1112,1045,3486,10192,3883,1661,2363,5393,4168,10160,10205,1541,185,388,10175,10203
18	126	4096,2932,1776,4109,1784,4101,1781,1198,4097,5981,8893,5980,5320,5986,228,4494,8230,888,442,5314
19	601	888,6872,1207,6882,8740,476,248,876,47,8316,156,36,122,6887,6874,910,252,8328,8320,6873
20	559	417,1086,8346,8316,48,427,454,855,2752,1071,451,293,52,1075,8320,5818,1012,4209,1069,1076
21	913	11203,3735,3743,3742,3741,3740,3739,3738,3737,3736,3734,3745,3733,3732,3731,3730,3729,3728,3727,3726
22	552	11203,3731,3739,3738,3737,3736,3735,3734,3733,3732,3730,3741,3729,3728,3727,3726,3725,3724,3723,3722
23	91	4577,6089,4261,6091,4575,6093,4573,4574,4580,2724,4567,6444,3793,6446,3800,3794,4578,4260,1298,4334
24	496	229,156,1030,73,819,220,417,917,1348,871,363,26,4922,4898,41,384,2947,228,410,362
25	795	8023,9805,7235,8016,8420,10086,9798,8294,8962,10665,9033,1151,8019,2912,7616,8974,7614,1182,10666,10592
26	809	9088,9071,9084,9094,9069,9087,5637,9080,9089,9082,9982,9096,9981,9085,9078,9995,4073,9095,9079,9994
27	564	371,372,373,9439,379,9472,9441,376,6772,3957,378,3958,10388,10389,4867,9456,9442,377,9468,5703
28	776	8584,5551,47,8560,234,8554,8566,1030,5610,6887,8555,704,5901,8070,8742,876,5612,6881,4922,3802
31	822	8415,8265,1718,8412,6387,8416,4150,8435,4511,8407,4520,234,2275,11001,7249,2383,4506,8434,7711,4698
32	21	1178,3564,3273,3497,908,9826,4211,1974,9876,1198,9824,2035,1522,1180,4409,274,5507,2061,6345,8228
33	632	122,156,36,8316,7113,298,1348,876,6272,6114,7,47,246,888,8161,7560,8320,1023,6887,1264
34	296	1030,917,4896,4898,4922,4893,4902,4900,4901,4895,4921,362,320,4899,3014,3017,73,3020,4894,156
35	338	8177,5955,5954,5959,8182,8316,8320,888,47,252,1524,6882,6887,8315,8319,7366,5958,6878,6872,7370
36	649	6114,6907,228,8316,3287,6905,3628,10986,8392,3285,8390,3286,888,96,10938,9056,47,1023,8320,122
37	143	1012,1348,7560,1532,7,52,1264,464,5551,417,8727,156,427,6461,1494,704,2801,6089,8735,1086
38	554	1753,1551,6441,766,1560,7691,7555,7910,7146,7722,7930,2203,7148,8628,9797,7694,2206,3890,9795,3644
39	222	541,252,122,8316,1023,6114,47,876,6727,888,6720,6887,8320,4254,4250,7923,7922,161,8160,1207
40	833	1753,1551,1560,4339,688,6441,680,766,7240,7235,649,2679,8294,4341,667,8420,7691,7555,9711,9854
43	856	4372,625,4373,8940,8929,4359,8928,1591,5111,4360,8932,7486,156,7997,1590,4382,7999,8005,4380,1286
44	731	4013,6536,1930,2360,1386,906,1939,3738,9834,2356,1979,1954,7814,1935,3740,2358,5488,1940,1742,1936
45	187	6635,809,4403,1753,5354,955,1551,2917,71,1903,144,6659,6664,74,134,1572,135,3467,7775,1901
46	63	5753,5755,933,260,9798,270,5760,5758,266,5762,5752,256,1142,255,683,7802,7235,9805,8420,5764
47	429	6114,189,4077,1023,4922,4900,360,339,6464,917,876,4896,4086,4081,6120,4898,4921,619,122,4082
48	508	1753,1578,1733,855,10343,10347,10356,2448,9258,3942,1596,6579,3943,1012,10981,1183,2482,10361,2607,1734
49	755	386,931,4631,2336,9677,6854,204,5840,6466,4633,251,10276,213,4316,4447,216,4651,215,5853,5845
50	207	7366,7370,1030,7371,917,696,5814,4896,156,972,4898,4922,4893,4900,4902,4901,4921,362,4895,812
51	746	876,6887,888,1207,457,122,8316,6877,156,36,6873,541,3074,6882,6878,252,1054,6874,224,246
52	935	11203,3732,3740,3739,3738,3737,3736,3735,3734,3733,3731,3742,3730,3729,3728,3727,3726,3725,3724,3723
53	735	888,855,1012,5490,5584,5585,6,954,5250,6462,789,304,6872,476,7495,6882,1066,9052,210,2265
55	869	1659,1660,1661,1541,3883,10969,3486,10201,10203,10160,4168,388,185,5045,10192,10205,10200,10170,5393,9430
56	410	8316,156,252,11051,2009,5432,2309,3970,122,3183,3947,4777,8320,6950,4571,4776,5304,876,888,5303
57	596	7235,9798,4523,1151,8294,2679,9805,8316,649,3229,684,8422,654,9854,667,8420,660,10088,252,9711
58	607	3206,1049,1131,1753,3782,525,7143,8031,8035,9424,3644,1561,1551,8034,7148,1557,4700,3513,6917,1534
59	48	8823,8827,8820,8841,8825,10773,8830,3002,8848,865,5098,1166,5394,10763,11052,1624,8843,10585,5306,3217
60	829	11203,3731,3739,3738,3737,3736,3735,3734,3733,3732,3730,3741,3729,3728,3727,3726,3725,3724,3723,3722
61	242	10896,10894,10900,10899,11096,11091,4909,7117,7111,7109,11093,1886,7112,7106,7105,3739,3740,3738,3737,3741
62	558	5829,1481,4888,2424,130,9486,10403,9491,6945,10391,1107,9687,9493,10419,10404,2174,10405,7847,371,4525
63	756	156,8316,252,8160,855,1012,304,10876,8320,151,5551,8319,876,888,5912,47,6373,8315,246,6887
64	267	10347,10356,10346,1761,6251,6235,10343,7804,1183,2444,1734,1578,1733,7796,7808,6241,2448,10349,5803,10808
65	740	457,3074,1054,224,3050,3065,3033,193,3069,3032,128,3072,7922,3076,6720,6721,7910,1468,4252,3047
66	511	6114,1023,231,7968,1195,323,1966,6120,2692,4282,5322,5314,5332,156,640,4281,5344,6465,1286,6464
68	94	8742,234,8735,118,8726,8736,6462,9385,442,182,6379,4494,8308,210,4087,10471,2815,583,579,1249
69	79	2917,155,71,1901,1680,5219,5186,3321,888,955,10009,7885,6748,2143,2005,9419,3936,135,1735,1626
70	390	11203,3730,3738,3737,3736,3735,3734,3733,3732,3731,3729,3740,3728,3727,3726,3725,3724,3723,3722,3721
71	69	6345,3497,9840,1974,8316,3470,9839,156,7946,5987,5978,252,4348,9825,1797,122,8247,10620,3717,1794
72	739	2246,4222,6943,1704,2248,4225,4229,4227,9870,9871,8290,9869,9872,4234,4233,4230,4232,4235,8554,1930
73	932	11203,3731,3739,3738,3737,3736,3735,3734,3733,3732,3730,3741,3729,3728,3727,3726,3725,3724,3723,3722
74	535	7366,7370,7371,696,5814,972,812,1348,12,436,10611,363,2947,36,6114,643,6,220,855,8341
77	82	846,59,5040,809,818,856,831,826,830,815,816,132,4306,840,2726,892,858,799,821,828
79	256	8087,2733,9713,1691,8742,954,855,8092,2259,1012,52,8120,8735,6,1696,8089,234,8726,4715,6462
80	753	888,6872,1207,6882,8740,476,248,876,47,9775,8316,156,36,6887,122,6874,910,1881,252,8328
83	998	11203,3736,3744,3743,3742,3741,3740,3739,3738,3737,3735,3746,3734,3733,3732,3731,3730,3729,3728,3727
84	532	8533,5521,5529,8535,8216,6487,8528,5528,5527,5524,5530,8778,8219,8213,8532,8214,8534,5177,8218,8780
85	109	11203,3732,3740,3739,3738,3737,3736,3735,3734,3733,3731,3742,3730,3729,3728,3727,3726,3725,3724,3723
86	439	156,189,4077,234,339,855,8163,1012,6,8735,52,8742,1348,4086,4081,8726,6114,6462,8736,7
87	214	2917,155,10009,71,1753,1680,2005,5186,1901,5219,1626,4703,80,7885,9298,87,3936,3395,6748,2143
88	225	7301,7276,10494,3137,7350,7028,7504,7272,7351,6562,3875,3893,7279,3098,7277,6076,7311,8291,7296,3931
89	698	42,3813,4606,5874,5873,5875,1161,6497,8954,8960,8982,8968,8023,8974,8948,8016,8019,10665,10592,10312
90	316	11203,3734,3742,3741,3740,3739,3738,3737,3736,3735,3733,3744,3732,3731,3730,3729,3728,3727,3726,3725
91	394	1753,1551,6441,6724,1560,6725,7555,7722,7691,7146,2206,7148,8628,9795,2203,2204,3890,7724,6923,3644
92	401	5314,269,5315,5056,1361,1245,7974,6993,231,745,4247,262,7968,141,4926,5342,3673,5338,5318,6995
93	30	220,1071,5818,1069,1067,5808,4494,1068,1086,1080,26,8756,8275,1058,8282,617,789,293,9789,1059
94	512	11203,3732,3740,3739,3738,3737,3736,3735,3734,3733,3731,3742,3730,3729,3728,3727,3726,3725,3724,3723
95	16	3074,4447,3069,5919,5921,5920,457,3033,3065,541,7923,3000,313,3050,7922,2362,2365,5833,1050,2363
98	751	11006,11004,11005,11007,4169,11003,4130,4144,4167,9798,4134,10475,4138,7235,4162,6383,4165,2558,4137,5541
99	903	11203,3743,3751,3750,3749,3748,3747,3746,3745,3744,3742,3753,3741,3740,3739,3738,3737,3736,3735,3734
101	364	11203,3732,3740,3739,3738,3737,3736,3735,3734,3733,3731,3742,3730,3729,3728,3727,3726,3725,3724,3723
103	388	5241,2953,5242,5235,3238,5561,8259,5240,11026,9548,8749,11033,9539,8759,4948,8757,8056,4565,3828,1009
104	811	6114,1023,360,1195,2692,6120,1966,156,6465,6464,1348,111,6125,7563,8160,3964,6881,6123,6,855
105	592	3273,4211,10430,1168,9876,285,2039,5509,10428,5507,5153,2035,1170,2061,4409,2041,3745,1299,2088,2087
106	710	892,6872,6882,1207,248,8740,47,876,476,6771,8872,8316,6770,156,36,122,6887,6874,6776,252
107	339	11203,3731,3739,3738,3737,3736,3735,3734,3733,3732,3730,3741,3729,3728,3727,3726,3725,3724,3723,3722
108	315	442,8764,4494,1704,579,8068,182,9872,8069,573,1843,1348,1249,8065,156,8061,8067,171,1264,6114
111	944	11203,3735,3743,3742,3741,3740,3739,3738,3737,3736,3734,3745,3733,3732,3731,3730,3729,3728,3727,3726
112	555	908,9824,5962,3564,8742,954,855,1012,492,52,9827,8735,1180,6,1974,1174,6345,234,8425,5978
114	877	846,5040,6571,3223,4538,5391,5469,11083,830,3222,831,818,11075,2428,856,11077,1537,4306,815,816
115	744	8316,156,252,122,8320,1187,876,888,8319,47,910,44,246,6887,8315,1207,5490,954,855,6882
116	456	6887,6877,1207,888,6874,6872,248,10611,8740,476,6882,6873,156,11,8341,6878,972,1348,696,6300
117	152	182,2048,8065,4494,8061,8067,573,442,583,8069,8068,152,579,8066,171,1843,170,103,269,364
118	553	5038,156,6,1348,6114,6131,855,8160,1023,313,1012,111,3744,7,7113,502,7560,1195,8,954
119	872	4403,955,6635,74,3467,71,2662,166,5354,90,8147,1683,5359,2917,3474,69,139,135,1901,134
120	928	11203,3732,3740,3739,3738,3737,3736,3735,3734,3733,3731,3742,3730,3729,3728,3727,3726,3725,3724,3723
121	571	7541,7540,5938,7550,7542,7530,8612,2940,7544,7549,2190,3825,6150,8615,4886,2941,2934,2200,1987,10999
122	167	1930,3821,5487,198,6536,6352,7813,5488,3000,4013,8712,1387,1971,1936,1940,1742,905,1941,5480,893
123	447	156,855,6,1012,234,52,8735,8742,36,8726,304,8736,6462,6114,1348,118,8316,1532,8160,5560
124	895	3033,3074,124,3069,457,1054,193,541,3065,1050,161,10788,3050,6235,10356,10347,2947,6251,10343,2444
125	418	5261,2318,8730,939,3288,8433,940,5490,8432,876,2428,8308,4149,3546,4545,941,36,3287,3223,122
126	810	6114,1023,8160,855,1348,1195,323,6,1012,189,307,360,52,2692,304,4077,825,6120,954,3964
128	355	11203,3730,3738,3737,3736,3735,3734,3733,3732,3731,3729,3740,3728,3727,3726,3725,3724,3723,3722,3721
129	457	417,26,220,1314,1086,424,48,451,410,414,8041,789,1064,4991,3937,4885,7087,1080,1071,5682
130	498	8742,954,855,1012,52,8735,6,6140,234,8726,6462,304,118,1532,8736,210,36,5560,6461,464
131	60	8600,3206,3074,193,8605,180,3069,457,8031,224,3065,3782,541,7923,8035,3033,8034,7922,3050,9900
132	416	855,1012,6461,8735,304,118,6,5560,6341,1532,8742,8726,1492,464,6462,210,954,8727,234,8736
133	851	6114,1023,1195,10885,1966,583,2692,6120,3074,4494,10887,579,6465,3069,6464,224,3065,7922,6494,6493
134	694	5753,5752,1114,1142,5758,1102,2868,5765,256,6769,2797,5750,255,1105,1481,1204,890,230,1343,9439
135	766	4541,10139,47,10119,876,6887,122,4906,10652,10128,491,8316,503,5450,252,36,532,870,10120,888
136	604	8147,2512,71,1901,955,9419,1575,1029,5234,2509,135,2303,1683,2532,1282,2506,145,1017,1680,5219
137	433	52,855,1012,6461,541,3032,3072,304,3074,3065,8735,6,5140,224,464,1054,1532,118,3033,3069
138	679	811,799,816,4306,228,8554,846,59,817,624,809,830,5966,8507,9930,8542,847,9864,841,3907
139	631	7276,8265,2383,7249,7235,4506,8412,10085,2275,8742,3808,9723,4520,4511,8434,954,855,8407,4504,9897
141	848	7235,9798,8422,7252,7253,8420,9805,7247,7230,8294,7226,1153,1151,8269,10086,2912,8265,4517,4521,5551
142	725	1053,156,6114,1023,8160,1052,855,1348,1195,323,6,9907,1012,189,307,360,398,52,2692,304
144	84	457,9031,541,224,3074,619,3033,3065,3069,3032,121,3050,3072,193,3841,3843,8765,1054,128,819
145	942	11203,3742,3750,3749,3748,3747,3746,3745,3744,3743,3741,3752,3740,3739,3738,3737,3736,3735,3734,3733
146	912	11203,3736,3744,3743,3742,3741,3740,3739,3738,3737,3735,3746,3734,3733,3732,3731,3730,3729,3728,3727
147	745	5186,155,1680,2143,5219,71,2917,1901,2005,7885,6748,955,10009,1626,7904,3936,1735,5201,2515,10552
148	590	525,1753,9422,1003,1551,9425,3890,6438,1549,2593,6290,156,4700,361,766,6724,6292,6114,6291,1023
149	391	36,8316,888,5254,1524,876,47,122,252,8320,1207,11012,892,6882,6887,6872,8319,3692,246,8315
150	62	417,48,427,454,451,5818,414,410,293,1067,424,5683,431,460,1073,8756,789,443,8754,426
151	684	1683,1029,139,5359,3478,10550,1862,71,955,1901,9419,3467,2509,135,2917,8262,5234,90,7405,2835
152	941	11203,3732,3740,3739,3738,3737,3736,3735,3734,3733,3731,3742,3730,3729,3728,3727,3726,3725,3724,3723
153	103	955,71,2917,135,3936,10958,58,10459,1282,87,7885,145,1901,7019,7589,1680,2507,9419,2371,155
154	509	1888,1887,9427,2490,2335,1602,2287,1769,1892,2295,1894,2290,3491,7610,8270,2293,3692,2292,10280,2212
156	522	2357,1930,4406,3821,5670,228,1950,6536,7813,5487,2043,1971,5488,904,150,898,1936,1940,1742,1945
157	926	11203,3732,3740,3739,3738,3737,3736,3735,3734,3733,3731,3742,3730,3729,3728,3727,3726,3725,3724,3723
159	365	6114,3819,2670,2375,4657,2372,8234,6713,8316,60,5359,7879,74,6464,4403,166,2914,71,2917,2667
160	561	3074,721,2148,10615,6999,3808,724,3033,224,7005,756,7011,3069,4069,914,741,750,4062,727,4063
161	545	6114,1023,1195,323,1966,6120,2692,156,122,876,36,252,1030,1348,8316,47,917,6465,6464,4896
162	972	11203,3737,3745,3744,3743,3742,3741,3740,3739,3738,3736,3747,3735,3734,3733,3732,3731,3730,3729,3728
163	244	2766,2772,2965,2764,9671,2946,4658,2767,2775,2783,7909,2977,2785,2770,2769,2765,2784,2771,1783,10232
164	326	1632,8742,7582,954,855,10459,1631,7014,1012,1617,1622,52,7589,7019,8735,7522,3402,7578,7020,6
166	116	4096,1827,4101,8316,36,888,156,2932,4097,1828,1524,4099,876,47,1850,122,252,8320,1207,6882
168	667	269,8316,252,122,8320,182,8319,8315,876,6290,888,6291,6887,6292,231,1207,5142,4494,1249,8065
169	501	11066,8332,10870,4219,11069,7326,11076,11089,11073,1044,6948,6898,4192,11085,11082,6373,10883,10876,8925,8923
170	5	9056,2725,7843,6907,6899,6903,7864,6901,6904,6905,10986,11066,6159,595,7865,9059,2615,6152,10985,6908
173	181	156,8160,855,10632,1012,6114,6,151,52,1023,825,7958,9798,7962,1348,954,307,189,5560,8735
174	201	252,2965,8316,876,7909,246,47,156,6887,4658,387,2977,888,10232,8320,2950,1207,2967,8315,10229
175	359	9713,3442,5353,8087,1691,9766,9767,8089,5939,9764,9769,3439,9768,3779,9780,7159,1702,8110,1696,9762
176	35	189,4077,339,156,4086,4081,111,6114,4082,855,1023,1012,5490,6127,52,1348,6,8160,36,4094
177	477	6094,8316,3955,8320,9221,1856,888,8315,122,173,252,8089,47,9780,6110,876,5538,6887,8319,10766
180	8	11203,3732,3740,3739,3738,3737,3736,3735,3734,3733,3731,3742,3730,3729,3728,3727,3726,3725,3724,3723
182	228	1023,6114,5306,1597,3954,947,3947,777,3970,2009,156,6176,323,5098,785,1195,360,7197,1853,3351
183	146	1753,1551,6441,2011,1560,6724,1625,7555,6725,7826,10893,7146,1680,7691,6923,6628,7722,7154,7885,3936
184	964	11203,3748,3756,3755,3754,3753,3752,3751,3750,3749,3747,3758,3746,3745,3744,3743,3742,3741,3740,3739
185	734	7113,298,1348,156,7,8161,6114,7560,1264,1023,8162,8163,7366,502,2801,5639,1195,149,6,3744
188	600	9431,6563,228,10049,9430,7701,10047,3100,6562,5808,10498,3914,3074,1715,412,6076,8291,326,9789,3919
190	50	11203,3732,3740,3739,3738,3737,3736,3735,3734,3733,3731,3742,3730,3729,3728,3727,3726,3725,3724,3723
191	539	6114,1023,217,360,1195,2692,6464,6881,6120,1966,6465,7574,2043,3075,502,6125,5942,228,2721,8316
192	27	156,855,1012,228,52,464,6,5560,54,151,8727,8735,954,8160,446,8282,1532,6461,617,6114
193	563	876,8316,892,122,36,156,252,248,4095,8320,8740,910,8315,5490,4084,8319,8328,1524,855,954
194	712	63,1615,2120,4762,7017,7599,1217,2345,2429,2352,1219,4116,8136,2340,2343,10465,2285,10456,2339,1224
195	878	4403,2670,1903,166,6635,1572,584,6659,2667,167,870,1727,2917,8153,134,955,71,144,5354,3372
196	113	220,1086,417,1080,26,8415,9722,1071,8265,5818,1058,48,1059,4150,1069,6387,414,410,451,5683
197	836	9798,7238,7240,657,7875,7248,7771,10087,7235,6086,679,5930,7244,4341,9808,654,9812,2679,649,7229
198	265	1012,59,855,5997,6461,47,246,252,6887,826,8316,290,5560,856,36,828,1207,831,6877,4095
201	580	4077,189,8316,4763,156,252,4081,122,3397,8320,2346,876,888,2423,8319,9400,47,5162,8133,910
202	66	156,9798,7235,8420,9805,2912,8294,8427,7212,10086,672,7213,5556,7252,7253,8422,2679,9899,7230,7247
204	621	1512,4936,8948,10592,8960,10665,8954,8023,11020,8016,8968,4953,8982,6497,10603,9525,10664,8974,4943,8019
205	34	10861,3370,269,3673,5314,5225,7366,1825,231,5320,1003,640,5323,7968,7370,5324,6291,6294,4926,5315
206	997	11203,3732,3740,3739,3738,3737,3736,3735,3734,3733,3731,3742,3730,3729,3728,3727,3726,3725,3724,3723
207	114	156,855,1012,954,8735,52,304,8160,8726,6114,1348,6462,149,1023,1532,8736,464,111,36,210
208	236	172,8316,1075,8839,4007,1599,939,4012,5194,11166,1074,1076,4045,293,4049,1073,11167,1086,4046,518
209	798	11203,3732,3740,3739,3738,3737,3736,3735,3734,3733,3731,3742,3730,3729,3728,3727,3726,3725,3724,3723
211	827	8089,3779,5538,8115,7168,11203,3733,3739,3738,3737,3736,3735,3734,3731,3732,3730,3729,3728,3727,3726
212	353	8742,8735,954,52,8726,6462,234,1012,118,8736,210,6461,1532,5490,5560,1157,6,354,1519,1655
213	815	8974,6798,8023,8019,9964,8975,6797,10608,8962,8960,8016,6799,8954,2214,10609,8982,8026,4005,8968,10665
214	955	11203,3734,3742,3741,3740,3739,3738,3737,3736,3735,3733,3744,3732,3731,3730,3729,3728,3727,3726,3725
217	206	11203,3732,3740,3739,3738,3737,3736,3735,3734,3733,3731,3742,3730,3729,3728,3727,3726,3725,3724,3723
218	262	4752,6166,6345,1974,1174,5987,5978,7947,9821,9839,9840,3716,1175,3564,908,9825,6525,8247,1797,4348
219	198	1476,252,809,8316,7560,132,1348,2579,10694,858,821,4214,839,8320,1264,7113,2090,8347,10692,888
220	803	156,71,9419,2298,955,5234,2519,7879,1282,135,6872,10989,1207,3936,145,1606,10141,3476,10958,1279
221	970	11203,3733,3741,3740,3739,3738,3737,3736,3735,3734,3732,3743,3731,3730,3729,3728,3727,3726,3725,3724
225	823	3065,189,307,541,4077,3074,156,8653,1054,6114,4082,228,4086,3069,224,4081,1348,6127,3033,1023
226	681	1264,3439,1691,6122,6116,1696,7560,9762,7,3779,9780,5952,2801,156,5951,7164,9763,6114,5538,32
227	782	7113,298,7,7560,1348,7974,6114,8163,8161,2801,5639,1264,1023,1195,8162,502,8164,3744,1570,2692
228	234	5877,7974,364,269,1003,3673,7975,59,1251,809,182,5314,442,4494,171,1753,846,231,6291,5225
229	176	7276,10489,9432,10495,3910,3917,3101,2252,10973,7280,3885,3097,3911,6064,10492,10038,3120,7504,10493,6562
230	517	939,6688,3256,172,4044,3288,4007,4012,11140,3249,941,518,5194,9359,4891,9183,3612,5198,8839,1599
232	617	11203,3730,3738,3737,3736,3735,3734,3733,3732,3731,3729,3740,3728,3727,3726,3725,3724,3723,3722,3721
235	106	7560,1264,754,8316,954,855,8742,1012,52,252,7113,2801,6114,6,8735,122,876,888,8320,298
237	960	11203,3732,3740,3739,3738,3737,3736,3735,3734,3733,3731,3742,3730,3729,3728,3727,3726,3725,3724,3723
238	788	8742,954,855,7276,1012,52,8735,6,234,8726,6462,304,118,7304,1532,8736,7275,7296,36,210
239	858	8960,8954,8949,8968,8982,8959,9526,3170,8020,8023,8948,8019,9525,8947,8951,8974,1822,4005,6798,10592
242	160	3292,5261,3012,5381,172,5377,939,3256,940,7871,3285,3249,3288,3287,7866,4007,4012,2428,7850,5194
243	726	4886,3825,10910,10911,1668,1788,7545,6188,10999,2934,7553,2198,2942,2941,7542,7551,6976,6978,7531,1987
246	80	1023,6114,6882,4171,4690,6872,4182,1207,4674,4178,4176,892,417,26,8257,248,541,1195,4684,427
247	231	10102,10098,5391,10097,11077,4538,11083,10101,2428,10100,11075,4149,5467,6571,5469,3287,4547,100,4551,173
248	49	71,135,1282,3936,1606,145,10958,1279,2371,9419,5234,10141,2917,2507,58,2009,7885,87,1634,4735
249	169	4403,166,6635,6664,1903,6659,144,134,1572,2662,2670,74,3403,6749,167,2917,955,5354,2667,71
250	572	417,26,8316,427,5056,1086,48,8164,36,8320,1064,888,122,8315,220,4247,47,252,1348,156
251	549	155,5186,1680,5219,2143,71,2917,2005,1901,7885,6748,10009,1626,955,3936,1735,7904,87,9419,10552
252	618	7,1348,1264,156,298,6114,2801,8163,5639,1023,1195,8161,3744,6,149,502,855,323,2692,1570
253	138	1348,2477,2476,156,1264,6114,1023,6887,5551,47,122,8160,8316,704,855,252,888,6,1012,1195
254	141	11203,3732,3740,3739,3738,3737,3736,3735,3734,3733,3731,3742,3730,3729,3728,3727,3726,3725,3724,3723
255	704	2729,6795,6794,1235,2752,5518,3273,2061,1521,1186,5016,8950,6300,9881,1517,1531,5153,2855,872,4609
256	925	11203,3733,3741,3740,3739,3738,3737,3736,3735,3734,3732,3743,3731,3730,3729,3728,3727,3726,3725,3724
257	841	8290,2017,4229,8040,7366,6815,4230,3206,180,7370,4234,1049,8031,4402,417,220,7371,156,5814,1020
258	218	1783,387,3191,2764,9671,10228,2772,4658,10230,2783,2770,1030,2784,2769,7909,917,5949,2771,2967,10232
259	973	11203,3734,3742,3741,3740,3739,3738,3737,3736,3735,3733,3744,3732,3731,3730,3729,3728,3727,3726,3725
260	662	855,156,6383,1532,52,304,464,8735,6,8727,954,8726,6461,5560,6462,210,8160,8742,6114,151
261	525	10163,252,10165,10876,10189,876,47,8925,3836,6887,1207,6877,4095,6878,6873,6874,4084,6875,10883,10869
262	351	252,8316,36,876,246,47,156,6887,888,399,8320,1207,8315,8319,6882,6878,5490,4095,6877,892
265	629	11203,3731,3739,3738,3737,3736,3735,3734,3733,3732,3730,3741,3729,3728,3727,3726,3725,3724,3723,3722
266	51	5395,6698,1270,9074,10990,9406,9411,10989,7741,7732,4032,1901,2917,2385,71,1267,8237,3421,7729,4031
267	488	228,876,11149,1012,6887,8735,11143,7113,122,52,4149,11141,8726,6114,6877,298,5132,3730,8316,6462
268	643	1930,6536,3821,156,8712,4013,5488,5487,1940,1936,1742,905,5480,1941,2358,3740,2361,2356,6,1384
272	778	229,156,1030,73,819,220,417,917,1348,871,363,26,4922,4898,41,384,2947,228,362,410
273	362	10280,2293,10308,6338,1888,2295,3484,8270,1897,1887,1892,1769,7528,3692,2236,8627,6566,5805,6257,6520
275	937	11203,3743,3751,3750,3749,3748,3747,3746,3745,3744,3742,3753,3741,3740,3739,3738,3737,3736,3735,3734
276	683	11203,3732,3740,3739,3738,3737,3736,3735,3734,3733,3731,3742,3730,3729,3728,3727,3726,3725,3724,3723
277	441	8742,6114,3065,6464,1195,1023,3074,323,457,2692,224,3069,3672,6120,1966,3033,1054,161,3072,464
278	966	11203,3737,3745,3744,3743,3742,3741,3740,3739,3738,3736,3747,3735,3734,3733,3732,3731,3730,3729,3728
279	186	4077,189,702,442,182,775,4494,769,736,7974,583,579,1249,8065,573,761,4075,715,743,152
280	486	8384,10710,10739,8000,10725,8388,10721,10722,6744,10723,10736,10737,8383,10726,10743,10716,10755,10753,10719,4372
281	594	1030,917,4896,3612,4898,8460,4922,4893,4902,4900,4901,4921,4895,362,320,4899,7447,2613,3014,7453
282	310	11203,3731,3739,3738,3737,3736,3735,3734,3733,3732,3730,3741,3729,3728,3727,3726,3725,3724,3723,3722
284	615	11203,3731,3739,3738,3737,3736,3735,3734,3733,3732,3730,3741,3729,3728,3727,3726,3725,3724,3723,3722
285	361	228,1481,150,4040,7086,7096,220,384,417,9787,3062,8852,8282,4605,54,2400,11044,26,617,446
286	189	11203,3732,3740,3739,3738,3737,3736,3735,3734,3733,3731,3742,3730,3729,3728,3727,3726,3725,3724,3723
287	943	11203,3747,3756,3755,3753,3752,3751,3750,3749,3748,3746,3758,3745,3744,3743,3742,3741,3740,3739,3738
289	275	1264,5797,11198,10377,5887,3151,9972,3603,6116,4647,6122,5580,9533,8058,881,9614,754,5582,7560,7
292	693	71,8415,955,5234,9419,135,1901,1282,145,8412,9722,1606,8147,3936,4511,2509,3476,7885,1680,2917
293	661	11203,3732,3740,3739,3738,3737,3736,3735,3734,3733,3731,3742,3730,3729,3728,3727,3726,3725,3724,3723
294	322	5354,4403,6635,955,2917,71,135,2662,166,3467,1901,1903,145,2670,58,1625,7775,74,1628,3936
296	730	532,5551,8316,3256,252,511,3249,1599,3252,939,4012,8839,4045,7440,704,11166,5194,4046,491,122
299	455	8742,954,11013,855,11014,1012,52,8735,6,234,8726,6462,304,118,36,8736,1532,210,6461,5560
300	894	8954,1161,8982,8968,8960,3170,2408,8974,8023,8959,8019,8948,10602,8949,8947,6798,9526,8016,10665,8975
303	303	1850,1785,3075,1781,2933,1776,6044,2925,2926,2932,2721,3803,10576,10580,2947,1778,1777,217,1784,2923
304	283	1314,5823,417,26,220,1086,7087,48,451,3937,8041,410,414,424,7093,4885,1064,4991,7091,7088
305	132	71,4058,1735,5219,9419,1680,6748,7885,5234,1036,4741,1274,6665,4057,1282,10552,7904,5186,135,2519
306	293	3074,1054,3069,224,156,457,7923,3065,3033,541,1348,6,6114,6131,3050,161,2947,7922,855,1023
307	77	6887,888,6271,1207,5670,6877,6882,6878,6872,6874,2043,6266,855,954,8742,6264,248,1012,6,52
308	691	3564,1180,908,5997,9824,1178,6872,1207,3497,9826,8161,248,8740,476,6743,1791,1974,9827,492,6345
309	395	3467,955,71,5354,135,3256,145,8147,90,1901,9419,69,4403,1282,5234,1683,6635,3936,1606,1628
310	332	8940,8929,8928,625,8932,1590,5111,7486,7997,7487,7999,634,8001,8005,9954,8004,1588,1592,8927,5116
311	423	6114,1023,8316,888,36,156,1195,1524,2692,876,360,1348,2846,47,122,6464,252,1207,8320,892
312	446	8147,2512,7405,1901,71,1029,9419,955,1017,1028,5234,2700,1575,10534,2303,2509,8593,135,10544,1683
313	626	1023,6114,252,246,6465,6887,8316,1195,442,2692,6120,1966,6125,8315,6133,4494,6464,47,6877,6878
314	210	8316,252,122,2870,8320,8854,8319,8315,9858,888,47,8742,876,954,855,6887,8858,9857,1012,9695
315	801	304,182,855,1012,5078,4494,5560,1249,8065,6,464,573,10384,8727,825,8160,8067,8061,3507,442
318	705	122,252,8316,876,6887,8320,888,2017,8315,8319,1207,2494,6878,6882,6877,4095,7299,3638,7276,892
319	153	6943,8316,156,252,122,8320,888,876,8319,47,910,246,6887,8315,1207,5490,954,855,6882,892
320	64	855,1012,52,1013,8735,1532,6461,6,464,8726,5560,6350,6462,210,954,8742,8727,2689,40,7924
321	582	8742,954,855,1012,52,8735,6,234,8726,6462,304,118,1532,8736,36,210,5560,6461,464,6114
323	407	1348,7,7560,1264,1023,855,6,6114,7113,1012,8160,2801,52,304,954,36,298,307,8735,1195
324	700	8316,5490,8320,2272,888,8315,122,47,252,156,876,6887,7220,8319,7495,1207,9052,910,6882,2265
327	946	11203,3733,3741,3740,3739,3738,3737,3736,3735,3734,3732,3743,3731,3730,3729,3728,3727,3726,3725,3724
328	154	5551,704,47,888,6887,1140,5912,1802,8317,4095,6877,8433,6882,892,8432,3546,876,6873,6872,6878
329	846	1453,1390,1452,1435,1428,978,1437,1442,1392,1422,273,1462,1423,1459,281,982,980,3634,1257,3110
330	958	11203,3745,3753,3752,3751,3750,3749,3748,3747,3746,3744,3755,3743,3742,3741,3740,3739,3738,3737,3736
331	271	6114,1023,1195,156,323,2692,5211,502,6464,5208,6120,8164,7113,2801,1264,111,1966,7,5212,7560
332	602	6971,1714,6967,1712,1748,9308,9339,4702,9298,6968,9316,5705,6966,6964,9326,5696,9302,4422,4703,8441
333	178	71,955,1282,135,3936,10141,9419,7885,1901,5234,1680,10958,1606,145,1279,2917,6748,5219,2371,1274
334	737	1086,417,26,48,427,1071,451,1080,1069,414,1075,1064,1067,1058,410,1068,293,1076,431,1073
335	32	855,1012,52,8316,5985,888,47,5551,122,6887,6882,8735,6461,1207,304,8320,252,1532,704,892
336	500	819,871,2146,239,73,156,1030,344,1348,917,4898,220,4922,417,362,4896,6114,4921,363,384
337	295	3256,10665,5194,939,10592,8023,3249,8839,1599,5261,3252,9525,518,4045,5198,8016,8960,11166,8948,4049
338	467	7129,1207,6872,12,476,8740,870,248,5451,536,2846,5453,5442,1600,503,5551,10652,10930,457,1727
340	911	11203,3736,3744,3743,3742,3741,3740,3739,3738,3737,3735,3746,3734,3733,3732,3731,3730,3729,3728,3727
341	850	809,7235,1030,132,1768,9798,7230,821,8420,7252,9805,7253,1153,5551,8294,7247,9894,1151,9899,2912
342	741	8742,8735,52,954,8726,6462,234,1012,118,4290,8736,6114,1023,210,6461,1532,8160,6,5490,4326
343	613	11203,3732,3740,3739,3738,3737,3736,3735,3734,3733,3731,3742,3730,3729,3728,3727,3726,3725,3724,3723
344	426	8742,1941,954,855,3834,1936,1012,6240,1742,1940,52,8735,1383,1384,1967,6,9143,903,234,9154
346	221	5551,156,3050,7922,151,128,704,3074,1348,5912,855,1468,457,819,224,1012,193,8164,52,239
347	672	8962,8974,4005,3695,6798,8960,7616,10665,8972,10666,10274,9033,9525,8954,7614,6799,10609,10592,10300,9964
348	347	5098,1542,6089,6091,5265,6093,2309,1624,5306,4777,4776,5278,2724,6444,4261,3793,5092,5434,6446,958
349	556	8316,156,252,122,8320,876,888,8319,47,910,246,6887,8315,1207,5490,954,855,6882,892,6
350	194	9977,8316,252,713,9978,717,8320,876,8315,47,8319,888,6887,3638,1207,6882,6878,6872,6877,4095
351	568	122,1286,252,876,8316,1747,47,6887,888,1176,1537,1207,8320,491,4095,6877,6882,8315,6878,892
352	595	1853,3074,7560,1870,5925,1860,2009,1864,7735,3969,3069,3371,3972,6949,1855,1875,5311,3065,9188,3975
353	290	1680,71,7885,5219,6748,2005,5186,1901,155,2009,955,3936,7883,2143,1735,1274,10009,87,4740,1634
354	514	11203,3731,3739,3738,3737,3736,3735,3734,3733,3732,3730,3741,3729,3728,3727,3726,3725,3724,3723,3722
357	475	4476,4459,4483,4489,4103,2632,4495,4485,4460,4486,4493,4481,4490,4474,4488,4491,2634,4484,4482,4002
358	294	10962,3522,6408,10964,7276,9940,9982,9071,3523,9078,6393,6999,6447,2992,6400,9088,3532,9941,5637,6415
359	718	11203,3731,3739,3738,3737,3736,3735,3734,3733,3732,3730,3741,3729,3728,3727,3726,3725,3724,3723,3722
360	965	11203,3731,3739,3738,3737,3736,3735,3734,3733,3732,3730,3741,3729,3728,3727,3726,3725,3724,3723,3722
361	954	11203,3735,3743,3742,3741,3740,3739,3738,3737,3736,3734,3745,3733,3732,3731,3730,3729,3728,3727,3726
362	876	3033,3074,10074,4779,5187,3069,457,91,193,1054,541,5185,3065,1050,127,10056,4770,10062,2670,4773
363	172	4494,10310,1161,189,4077,457,339,182,4833,573,6497,9511,442,10602,8069,3065,8068,8061,568,8963
364	653	71,955,1901,1680,9419,3936,1282,6748,1274,5219,135,4740,1735,4735,10141,5234,1601,1036,1634,2917
365	890	8425,3497,908,1174,9824,5978,3564,5987,1974,6345,9841,3716,6743,3717,290,9821,6739,9825,9826,1180
368	924	11203,3732,3740,3739,3738,3737,3736,3735,3734,3733,3731,3742,3730,3729,3728,3727,3726,3725,3724,3723
369	373	1030,4900,876,122,1753,6887,8316,36,252,6877,4095,1551,491,4156,3285,6441,1560,6724,1207,6878
370	313	5551,704,7602,8742,954,855,1012,52,8735,6,234,8726,6462,304,118,1140,36,5912,3638,10459
371	320	269,3673,5314,5225,1825,231,5320,5323,640,1003,7968,5324,6294,4926,6291,5315,1361,7047,7971,5342
373	619	7986,7560,1348,7989,1264,217,2721,7113,7982,5147,156,2223,5670,298,6114,8,2801,5942,2947,8163
375	204	8147,7405,2512,71,1901,1029,955,9419,1575,5234,2303,2509,1017,1683,10534,1028,135,2700,1282,5219
376	268	183,2740,2027,2014,8806,2096,2083,4209,4207,2023,4212,4199,2049,2226,4398,5027,10432,5022,2095,2098
377	889	862,252,1561,8316,1557,47,6887,246,7458,8320,8315,6878,8319,6877,1207,6873,6882,6874,7457,1753
379	330	7238,657,684,679,9883,9882,7229,10606,5900,648,7241,3737,3736,3735,3734,3733,11203,3732,3738,3730
380	818	2740,5153,5519,10428,3273,1589,2048,4404,4198,7648,2091,1576,4213,7179,2727,9874,2243,10693,3665,2859
381	263	9554,9014,5090,9717,8822,9557,5077,5079,9147,5078,5091,5085,5088,284,9137,1930,9136,3308,9139,3815
382	356	1348,4178,156,1367,4896,1030,855,1335,1264,1369,1012,8160,4184,1296,2693,1364,151,1339,4902,4893
384	140	4071,721,7005,756,10615,914,750,741,4069,6999,4062,724,4063,727,3808,744,7011,753,4061,773
385	586	7974,1753,241,7831,4700,9422,9425,1551,1564,361,7148,3644,766,3890,7824,1560,1555,7152,1553,6724
387	537	1930,4013,8712,2358,2360,7814,1940,5488,2356,1742,1936,1386,3738,9834,3740,906,2361,905,903,1384
389	68	8316,252,122,8320,8772,8319,10310,2395,8984,8954,8968,2390,8982,2391,8960,8995,8315,2397,8963,568
391	977	11203,3741,3749,3748,3747,3746,3745,3744,3743,3742,3740,3751,3739,3738,3737,3736,3735,3734,3733,3732
393	24	4077,189,8554,6114,6472,6488,1023,1185,9999,1192,9114,332,1030,360,8160,8511,6484,1195,362,111
395	121	8316,8320,8319,252,122,876,8315,5063,8433,888,7366,156,47,8432,3546,910,6887,8730,1207,7370
398	987	11203,3738,3746,3745,3744,3743,3742,3741,3740,3739,3737,3748,3736,3735,3734,3733,3732,3731,3730,3729
399	893	3578,1054,2947,3559,3565,3541,3551,3577,3542,3284,457,6721,3548,3554,8745,3601,3568,3534,3576,3543
401	969	11203,3732,3740,3739,3738,3737,3736,3735,3734,3733,3731,3742,3730,3729,3728,3727,3726,3725,3724,3723
403	371	11203,3730,3738,3737,3736,3735,3734,3733,3732,3731,3729,3740,3728,3727,3726,3725,3724,3723,3722,3721
405	589	5897,5899,10935,8045,8047,8048,5893,11137,5904,10748,10712,10735,10729,7479,4391,10731,10746,10747,10738,7477
407	47	6114,1023,8160,855,6,1012,323,1195,1348,52,307,189,2692,4077,954,6120,825,8735,3964,6465
408	348	8075,8074,8554,8560,8573,8070,10002,5623,8524,10005,9998,5606,329,8584,7501,5610,9111,9999,4631,9103
409	824	1691,7164,8087,8110,1702,8089,3439,9713,5939,9780,3779,4715,4707,7159,1696,5353,3440,4704,8088,8108
410	910	11203,3732,3740,3739,3738,3737,3736,3735,3734,3733,3731,3742,3730,3729,3728,3727,3726,3725,3724,3723
411	542	3256,5194,819,4012,8839,1599,518,5198,3249,3252,4049,4045,9367,4046,11166,8836,8838,3255,8637,4048
412	976	11203,3732,3740,3739,3738,3737,3736,3735,3734,3733,3731,3742,3730,3729,3728,3727,3726,3725,3724,3723
413	518	3074,855,464,6187,10969,3883,3069,2193,6213,8727,3486,52,3033,185,1661,2191,457,1659,10203,6207
414	161	11203,3732,3740,3739,3738,3737,3736,3735,3734,3733,3731,3742,3730,3729,3728,3727,3726,3725,3724,3723
416	33	532,7440,4494,1401,938,491,5376,9060,4906,6114,7410,7874,6900,1188,952,3631,6101,10113,1023,7409
417	781	6114,1012,2692,47,1023,1532,6966,4440,3256,6120,1756,6887,5695,2132,939,888,3249,6964,876,7900
418	100	71,855,3631,491,7885,7440,777,1012,938,1680,1901,955,6748,1274,4740,5219,4906,511,9419,1735
420	223	8316,252,122,8320,8319,8315,47,888,6887,876,1207,6882,6878,6872,910,6877,4095,6873,6874,1524
421	473	5670,812,2043,6721,7913,7910,217,6720,3858,8745,3075,7917,10286,4249,7930,10283,10290,363,5949,6723
422	544	9316,1761,9339,9308,9302,1748,9326,6966,9329,2436,9344,4440,7804,10808,9320,10355,9305,6251,6235,9330
423	300	6114,1901,1735,5219,1680,6748,7885,9411,10552,1274,7904,1923,1036,6656,4741,4740,1023,3256,6665,9406
424	87	3065,457,855,8735,541,1012,3074,1054,8726,6462,954,3069,52,224,8736,210,304,3033,1532,161
425	43	8600,8602,1053,5656,8610,8606,9741,8605,2246,2965,2766,4225,8554,995,4222,2326,2946,5741,4665,8988
426	799	5241,6197,6196,5242,1880,5141,4948,7513,5145,5239,10303,11026,4960,1113,11033,8342,4565,10672,3828,1009
429	819	1690,4919,1799,3273,6300,1299,156,8950,2855,5153,6792,284,1186,3665,10233,2061,2729,1235,2686,1589
430	165	252,876,36,8316,47,156,6887,888,1207,8320,4095,5490,6877,6882,8315,6878,892,8319,910,8317
431	666	5551,704,1140,5912,4849,156,5814,4847,4835,4837,10369,563,11,4846,8341,4859,3581,4130,36,972
432	804	888,6872,6882,1207,1030,248,47,4922,876,917,8316,4900,855,954,6874,4896,8742,1012,8740,36
433	251	3698,8266,9031,1487,7767,1470,1479,1478,662,283,7772,7770,7769,1489,1490,5830,1495,3692,9798,8475
436	722	363,220,417,156,2947,2120,26,229,410,414,812,344,427,1086,1348,3206,228,63,384,457
437	583	1012,1532,47,52,6887,4700,464,383,442,583,7144,361,888,8068,1207,8316,4698,876,8727,6878
438	385	1624,3956,9716,4572,4569,5265,11052,5306,9402,4570,958,3778,5292,4120,2309,5278,3752,4777,2009,4776
439	641	5949,1054,457,6721,3075,3858,7910,8745,6720,7914,363,5670,5946,3074,7913,541,217,3065,7930,161
440	335	9298,8441,6966,1748,9308,9339,9326,4702,9316,5700,10379,4703,5706,9302,10382,5701,8440,2909,1638,5699
441	278	3578,3559,3565,3541,3551,3577,3542,3554,3548,3601,1030,3534,3568,3576,3543,917,3566,4896,3602,4898
442	367	389,8021,9506,1161,7258,9502,7264,9504,2417,8296,8954,9505,6497,8960,8968,8982,8023,8948,8974,8273
443	920	11203,3738,3746,3745,3744,3743,3742,3741,3740,3739,3737,3748,3736,3735,3734,3733,3732,3731,3730,3729
444	875	9805,8294,9798,7235,8420,1151,2912,2679,7252,7213,672,7212,7253,8427,8422,7226,649,7247,4523,9711
445	54	189,4077,339,4086,156,4081,111,6114,4082,1023,855,6127,5490,1012,1348,52,6,8160,304,36
446	65	22,23,50,39,654,9798,27,657,7235,7238,660,5745,33,6383,2351,684,690,7253,679,7252
447	248	6114,5186,5219,1680,1023,1901,2143,71,155,6748,7885,7904,2917,3797,8316,955,2005,1735,2300,10552
449	707	7253,8269,7252,7247,4517,7226,9894,9514,9804,4342,9798,4516,5747,4515,8265,3228,7236,7823,4869,9805
450	528	2992,2989,2999,2997,9940,9941,9942,9950,2998,9949,3005,9947,9943,6005,9952,5600,2993,3752,3753,3751
451	107	1508,60,8234,4041,94,6713,4812,4657,7732,7741,9635,7750,4769,7881,1901,6168,71,2917,3353,7749
453	696	6076,3138,8742,954,855,2499,1012,52,8735,6,234,3922,8726,7341,6462,2254,304,118,3933,8736
457	440	8502,3744,3742,3741,3740,3739,3738,3737,3736,3735,3734,11203,3733,3732,3731,3730,3729,3728,3727,3726
459	515	11026,8757,2190,11033,3825,7542,5241,1987,3828,7541,8615,11036,6187,2186,4886,6190,2194,2941,2193,10673
460	999	11203,3731,3739,3738,3737,3736,3735,3734,3733,3732,3730,3741,3729,3728,3727,3726,3725,3724,3723,3722
461	968	11203,3740,3748,3747,3746,3745,3744,3743,3742,3741,3739,3750,3738,3737,3736,3735,3734,3733,3732,3731
463	633	1753,60,766,8234,1675,10454,3754,4812,6713,6441,6724,1560,4769,9585,1672,6168,94,9635,6725,7881
464	902	11203,3730,3738,3737,3736,3735,3734,3733,3732,3731,3729,3740,3728,3727,3726,3725,3724,3723,3722,3721
465	435	2831,8905,5797,10219,9066,3788,26,12,4647,3295,10377,11198,1821,9972,451,5779,3603,3806,5912,5551
466	860	5887,5551,3789,9533,3788,8058,704,3779,881,10377,3603,3324,6624,5797,11198,3151,3790,9614,4647,5580
467	883	4743,5720,4738,4737,2629,7707,2885,3870,7706,10845,4477,5232,10844,5233,8172,8182,10846,7705,8177,5714
468	864	9088,9071,9069,9665,9087,9080,7594,9084,9094,9096,9082,9089,6365,9660,9095,10972,4073,9081,9093,9079
469	425	1202,2867,5391,2935,1176,4238,3497,5929,7777,6140,2503,9051,287,2600,7716,8819,2450,1251,1286,3719
470	686	1482,7098,6887,47,3841,3843,888,8316,6878,3844,3845,1207,3856,3859,8320,8315,6872,7625,3378,6877
471	521	1974,3497,7946,7113,1174,298,9840,5987,5978,4348,9839,1348,9825,1794,1175,8247,10620,1797,3717,7
473	14	10969,3486,3883,388,1659,1661,5864,10203,4168,307,10171,1112,6112,4077,4082,10169,1660,10170,10183,10205
474	831	855,52,954,8742,1012,5823,8735,6,1314,8726,304,8041,6462,234,417,6461,228,5560,26,1532
476	464	156,6,1348,6114,6131,920,1023,8160,855,1012,111,7,3744,7113,502,7560,1195,8,954,1264
477	312	8316,252,122,8320,3273,8315,2243,156,876,8319,47,888,2244,6887,1589,5153,2027,2014,1207,2096
478	393	7974,3236,8880,8882,148,9775,5877,485,8884,170,8890,3206,156,8889,220,8885,417,4979,364,269
479	81	1930,6536,1940,5488,1742,1936,4013,1967,2361,5480,905,8712,903,2358,1941,893,2356,900,3821,5487
480	676	6114,1023,439,412,442,7141,360,2573,2569,1195,4494,2145,2692,6120,1966,228,156,9789,8045,182
481	527	855,7235,8265,8415,8412,8735,52,4513,3588,9814,7253,8422,650,9722,4514,9723,9894,7252,4342,8726
482	85	2509,8147,71,955,9419,1901,1029,5234,7405,135,1683,3467,145,2512,1282,2917,1606,1575,2532,2303
483	157	5146,3527,1615,8500,4763,8494,8497,4133,3530,7598,4757,3638,4762,8498,7017,2345,2352,7599,2347,2429
484	783	3873,3514,5056,262,1189,4247,1093,5223,6995,6993,5229,5224,141,5221,1251,59,809,846,1753,1713
487	185	4459,4476,4489,4483,4488,4485,4103,4495,5958,5955,4484,457,4493,4486,4460,156,5954,5959,4481,541
488	996	11203,3731,3739,3738,3737,3736,3735,3734,3733,3732,3730,3741,3729,3728,3727,3726,3725,3724,3723,3722
489	507	3263,8192,791,4477,8181,8182,3264,8172,8177,4317,1037,1038,8196,4497,5714,8173,8179,8178,8202,1108
490	436	4594,307,156,9900,4077,1012,855,3070,339,304,6720,8727,52,228,4086,6,7930,3047,4081,7816
491	834	908,3497,3564,6743,8742,954,8425,855,1174,1974,5978,6345,5987,1012,52,3716,6739,1180,8735,6
492	357	9733,7144,457,1753,3065,9731,7078,361,3074,1054,1551,3072,9422,7148,7826,224,161,766,9425,3890
493	813	8853,8857,483,375,8851,484,8849,8855,8876,8871,230,8875,10396,8487,1204,10413,9439,371,1481,2868
494	139	71,7885,1680,955,6748,1901,3936,5219,2005,2917,1634,7883,5186,155,1274,4740,87,9419,1282,1735
495	931	11203,3734,3742,3741,3740,3739,3738,3737,3736,3735,3733,3744,3732,3731,3730,3729,3728,3727,3726,3725
499	844	657,7238,654,679,684,648,10606,9798,660,5900,7229,7235,9854,690,655,5745,4523,7252,7240,7253
500	36	9798,122,7238,7235,2679,1151,8294,4523,9854,252,9805,7252,7253,7240,667,7226,9711,8422,3229,8420
501	368	3581,7235,8316,3462,9805,8294,9798,8420,10086,7560,1151,2912,7252,7253,3590,8422,7226,7212,7247,3582
502	136	955,2917,71,58,135,3936,10958,1628,145,1282,2296,87,7885,1901,10009,1606,9419,1680,155,2507
503	852	11203,3732,3740,3739,3738,3737,3736,3735,3734,3733,3731,3742,3730,3729,3728,3727,3726,3725,3724,3723
504	463	8742,888,3813,8735,52,8726,6462,234,8316,954,6882,118,1348,1655,1502,8736,3074,36,1207,47
505	982	11203,3733,3741,3740,3739,3738,3737,3736,3735,3734,3732,3743,3731,3730,3729,3728,3727,3726,3725,3724
506	616	8316,156,252,2941,122,8320,3856,3859,3845,876,888,8319,8612,47,1013,619,3844,6978,5938,3841
507	246	122,36,8316,9146,156,876,246,47,888,8320,6887,8319,8315,1207,5490,9137,910,6882,9136,892
508	304	846,59,2009,5040,809,818,856,8742,954,7631,855,831,10465,1012,52,826,8492,7197,830,10456
510	714	1753,1551,6441,6724,1560,6725,7555,7722,2414,7691,7146,7148,2206,8628,9795,2203,3890,2204,7724,2409
511	0	7113,298,4302,7560,1348,8915,4300,4275,8163,1324,10237,1264,4288,2801,5639,8161,10253,4326,4321,754
513	155	855,156,888,8027,4508,9811,2558,1532,7238,52,7240,8411,7235,9798,9854,657,6085,9817,304,1207
514	460	6769,4888,4524,6778,130,10403,6777,6784,1481,9687,6775,2424,6770,8856,8853,10391,2174,10404,6945,6774
515	422	536,10925,554,10129,10932,10657,10930,1399,10652,1600,10931,5062,9559,5450,7418,7417,952,7758,6830,4906
516	917	11203,3744,3752,3751,3750,3749,3748,3747,3746,3745,3743,3754,3742,3741,3740,3739,3738,3737,3736,3735
517	764	11203,3732,3740,3739,3738,3737,3736,3735,3734,3733,3731,3742,3730,3729,3728,3727,3726,3725,3724,3723
518	789	26,427,48,7235,8265,426,1064,4513,8412,4514,1086,3588,451,8415,676,8421,650,9894,9798,7249
519	648	10459,7589,1631,1622,1617,10467,1607,1630,10700,1627,1623,1608,3402,7020,7587,1614,4115,7578,7522,7595
520	23	156,855,1012,5560,6461,464,6,8735,954,1532,8727,8726,151,118,8160,6462,6114,36,8742,210
522	386	9954,8316,888,625,6882,4359,8940,8929,8320,4373,621,8928,1591,4360,6872,4082,9960,8932,7486,8319
523	308	4906,4541,542,10652,491,10139,632,5450,532,79,10119,870,4530,582,952,7412,588,503,10128,10663
526	56	156,8160,855,6,8333,1012,6114,304,111,52,1023,7366,1348,4565,954,151,11039,8056,8340,8342
527	885	4951,8469,10648,10647,728,3692,5555,1993,3163,5465,8475,7220,9679,3174,5217,8784,8467,8304,1992,8305
528	297	11203,3732,3740,3739,3738,3737,3736,3735,3734,3733,3731,3742,3730,3729,3728,3727,3726,3725,3724,3723
529	387	11141,11149,11143,6058,11145,11165,11147,11164,11172,11150,6060,8183,11155,11144,11160,11152,11151,11162,3850,5098
530	637	74,5359,4403,166,139,6635,955,1683,71,8147,2662,3467,134,90,6760,2917,5354,5199,1901,3474
533	216	4096,8761,42,1785,1850,4098,4099,4102,1781,2630,1776,3813,1828,4101,1827,4606,4106,4108,5874,6044
535	639	252,7507,47,6887,7327,3914,1207,876,6877,6878,6873,9431,6563,6874,4095,7276,1348,7313,3931,7701
537	454	3789,2831,3295,1821,5579,3151,9066,5887,9878,3089,3788,3806,10219,9401,10481,5580,10377,4647,11198,3376
538	495	2692,156,855,6460,1012,6464,122,52,876,36,464,6,252,6120,8316,47,5560,8162,954,888
540	378	8742,954,855,1012,52,8735,6,234,8726,6462,228,304,118,1532,36,8736,210,5560,6461,150
541	916	11203,3736,3744,3743,3742,3741,3740,3739,3738,3737,3735,3746,3734,3733,3732,3731,3730,3729,3728,3727
542	461	213,1023,280,6114,204,360,1195,6465,2692,3964,8160,8053,6120,6125,1966,6463,6881,7563,223,812
543	349	278,5551,704,5874,5873,1140,5912,311,156,5814,1348,8341,36,972,1048,6,6114,876,855,10611
544	73	6114,363,1023,2120,1195,2692,1966,6120,63,156,6465,6464,1348,111,7563,6125,6123,3964,8160,6
549	983	11203,3734,3742,3741,3740,3739,3738,3737,3736,3735,3733,3744,3732,3731,3730,3729,3728,3727,3726,3725
551	274	8316,7730,2670,4403,2667,166,5551,167,1903,1572,6635,8153,10454,6659,65,134,9585,6664,955,74
552	72	6114,8316,1023,323,1123,252,1348,7560,319,122,8320,5551,2692,1835,8319,6464,5981,6120,1264,704
553	208	8332,10870,4219,9874,5153,6300,4198,1589,1044,4202,6948,4192,2738,2072,4197,6301,6114,3667,2243,7179
554	664	583,4494,579,182,8068,8069,573,1843,1249,8065,8061,8067,171,152,8066,170,103,269,1003,1251
555	215	71,3936,87,135,10958,7885,1282,2507,10009,155,145,9419,1634,6748,1680,1606,2371,5234,10141,1279
556	346	3828,3822,1008,6297,3823,6149,2462,11026,11033,8342,8340,8339,9539,10673,4948,3827,1010,11117,3013,1009
557	417	6114,1023,1195,1482,156,3856,2692,360,3859,3845,6464,7974,1013,3844,3841,6120,502,1966,1348,6881
558	503	955,71,135,3936,10958,2917,1282,58,145,7885,2507,87,1606,1901,2371,9419,1680,1279,5234,10141
559	724	10534,1017,8147,10544,1901,1028,71,1029,2512,9419,955,10522,1024,7405,1032,5219,5234,8150,1680,1683
560	687	5551,4494,442,704,8069,8068,573,182,5912,819,156,579,1249,8065,8061,1843,8067,5775,1348,6131
561	612	5054,1818,10485,3457,10486,5046,5051,5055,5047,332,8621,9946,10885,5050,333,10886,6472,8618,9071,9932
562	2	3467,955,135,5354,145,2917,8147,1901,9419,5234,1282,1606,3936,1683,1628,2509,2367,10958,4403,146
565	19	3045,7974,1448,3236,5877,485,170,364,269,1003,3673,182,59,1251,442,809,4494,171,5314,846
566	886	2965,2769,2764,2765,7909,2977,2771,2770,2946,2784,2950,7672,2774,2976,998,4658,2783,1783,2979,2766
567	492	1542,4575,4580,6444,3793,2724,4567,4577,6446,4578,1543,4261,4260,2178,4573,4574,1544,1546,3799,4259
568	261	10969,3883,4168,47,10170,6887,10205,1660,1112,185,5043,388,10197,3489,10192,10182,1541,10169,5864,876
569	336	11203,3732,3740,3739,3738,3737,3736,3735,3734,3733,3731,3742,3730,3729,3728,3727,3726,3725,3724,3723
570	389	2285,1264,7179,3638,4213,182,2858,2859,7648,2060,1576,3527,2069,4198,8065,1249,10693,9874,6116,6122
571	956	11203,3732,3740,3739,3738,3737,3736,3735,3734,3733,3731,3742,3730,3729,3728,3727,3726,3725,3724,3723
575	171	457,1054,3065,6727,3074,6720,3047,3071,3051,4254,161,3052,7910,2947,224,6721,7930,3063,4755,4250
576	284	11203,3730,3738,3737,3736,3735,3734,3733,3732,3731,3729,3740,3728,3727,3726,3725,3724,3723,3722,3721
577	832	11203,3731,3739,3738,3737,3736,3735,3734,3733,3732,3730,3741,3729,3728,3727,3726,3725,3724,3723,3722
578	663	3497,4494,6345,1974,5551,5987,9839,5978,9840,9821,704,6166,9825,3716,1797,3717,573,1175,8069,4348
579	403	5235,5141,5143,1482,812,3238,8278,643,3841,2947,3784,619,457,8759,1013,104,3845,3859,1054,3856
580	540	7276,10498,7279,3098,3100,7277,1715,326,3892,7296,6062,10047,7268,6076,10049,8291,10490,3914,3913,3932
581	302	876,5490,9052,156,47,2265,2266,7495,111,888,1207,1023,11202,6127,6887,6877,36,8734,6875,7257
582	478	1174,1207,3497,3717,6345,6882,1974,274,3716,876,9825,6872,492,1797,908,9821,6874,8316,9841,6887
583	370	3074,182,9545,3069,457,3065,11009,4494,1249,8065,9900,224,541,7923,3070,7922,4999,1468,4979,3033
584	642	6251,6235,1733,1578,3942,6237,10981,10356,10361,10347,2482,10343,1596,6579,2448,3943,3941,10812,9258,1763
585	115	9150,10809,6251,1583,10354,6235,10355,6597,9270,3942,9167,10812,2482,10210,4626,10981,1586,10794,10808,6247
586	605	228,532,491,4906,10113,575,307,5458,511,4077,942,189,10652,5689,5446,10068,10651,159,5551,521
587	472	2201,7549,7541,6979,6972,7540,7550,7542,7530,8615,7544,2940,8612,1987,2941,6975,2934,6976,6150,2200
588	301	6998,759,6999,2148,721,10615,3808,708,724,750,7005,742,771,711,932,741,6845,207,7011,753
592	406	170,103,269,1003,485,3673,7975,182,5877,5314,1251,4494,442,7974,171,59,231,7069,6291,809
593	45	1207,1930,6874,5487,3821,6536,1387,6352,5488,6872,4013,8712,1971,1936,7813,1940,1742,1941,6873,5480
594	675	6114,412,439,360,1030,855,1012,1023,2692,2145,464,180,4921,6120,4922,1966,52,320,9789,8727
595	603	8950,3270,2241,3273,2754,1299,5153,2853,2027,2061,2014,2096,2048,2083,1589,10434,1235,10433,10429,2730
596	504	11203,3732,3740,3739,3738,3737,3736,3735,3734,3733,3731,3742,3730,3729,3728,3727,3726,3725,3724,3723
597	451	7,8316,52,7560,1348,464,6114,252,5560,8727,7113,1264,8320,122,1023,8319,2801,298,6461,888
598	489	5551,11185,3033,3074,8742,954,7281,855,704,7276,7294,1012,3889,52,7504,3069,457,8735,1054,193
599	767	8023,8962,8019,8974,8016,6798,4005,8960,10274,3695,7616,6799,8972,10666,9525,10609,9964,7614,8954,10665
600	861	11203,3732,3740,3739,3738,3737,3736,3735,3734,3733,3731,3742,3730,3729,3728,3727,3726,3725,3724,3723
601	505	2193,840,888,624,47,2189,2192,828,1348,6322,1207,7560,6882,6330,6887,6325,832,6872,6878,600
603	506	6473,4548,6958,10832,10836,6959,1537,4308,6953,870,496,1188,7756,532,8678,8677,8676,5881,499,4906
604	842	5153,7179,2858,4213,1589,2859,4198,1576,2048,2060,4202,2069,4396,10428,10693,2738,2243,4411,4197,4413
605	452	7238,657,679,654,9882,10606,684,7229,9798,648,660,9883,7235,9854,5900,655,690,7240,8426,7252
606	668	1348,888,8316,1264,7626,7560,224,7566,3074,7,47,6882,910,122,3033,8320,6887,2223,7567,7570
607	717	4591,5551,9111,704,5606,8815,9126,8070,10000,9127,9099,9107,1140,9113,5912,9117,1482,812,156,8278
608	529	156,6114,1023,1012,323,8735,360,1195,52,8726,2692,6120,210,1966,1532,6,954,304,464,1348
609	494	182,1348,8065,6464,1264,189,307,4077,6465,4494,339,111,7563,8061,8067,7560,3964,4094,573,6881
610	42	9930,4306,2726,3907,31,5966,9864,1030,2017,5040,156,8160,4922,917,4900,4896,1012,304,4898,4921
611	991	11203,3739,3747,3746,3745,3744,3743,3742,3741,3740,3738,3749,3737,3736,3735,3734,3733,3732,3731,3730
612	905	11203,3731,3739,3738,3737,3736,3735,3734,3733,3732,3730,3741,3729,3728,3727,3726,3725,3724,3723,3722
613	22	3340,220,1082,417,26,1073,1086,454,414,410,1075,427,48,1074,1076,5818,1071,1069,451,1067
614	86	3764,5359,1928,6682,3475,8147,1901,71,10065,6679,8146,1029,5102,955,1510,139,1683,2917,6753,74
615	750	521,1753,10413,5005,483,1502,9698,6106,9697,6107,3890,6104,9696,4700,10404,9422,11044,766,938,2204
616	715	1753,8573,8584,2204,7826,1551,8554,7148,1761,766,4700,8555,4118,2205,3890,6920,5610,7804,6441,1560
618	166	8492,4762,2429,8497,4763,8498,7599,7017,8136,4116,4757,8491,2347,10465,5151,7598,2716,10456,8500,5935
620	29	1331,2563,2571,2573,10685,2569,2566,1476,2568,2586,2589,5350,170,2578,10683,2744,2572,2748,2745,10702
621	442	521,870,532,1727,6106,2698,10926,938,6104,540,3771,8863,6107,3770,4906,491,6101,511,10122,8867
622	768	11203,3731,3739,3738,3737,3736,3735,3734,3733,3732,3730,3741,3729,3728,3727,3726,3725,3724,3723,3722
623	1	417,427,8316,1064,451,1086,809,426,220,1135,122,443,252,8754,428,846,8751,1061,132,624
625	53	10589,812,11,156,5814,436,643,2947,1348,363,220,12,7371,1482,417,457,1054,6114,36,26
626	862	713,717,2710,760,102,3807,4127,5484,9137,9136,6271,9139,1244,6266,1252,1253,6871,5483,5481,6264
627	933	11203,3737,3745,3744,3743,3742,3741,3740,3739,3738,3736,3747,3735,3734,3733,3732,3731,3730,3729,3728
628	184	1578,6241,6237,3943,1596,3249,9233,1753,8515,3256,10358,10209,10348,11166,7794,5817,10799,6245,1551,1599
630	191	2917,955,71,58,135,3936,2296,1628,1625,10958,145,1282,1901,5354,87,10009,7885,1680,155,9419
632	428	4409,8742,954,855,1522,1012,52,3273,2041,2035,8735,9877,4410,4211,5551,9876,234,292,8726,2087
633	235	888,7513,934,6872,1207,6882,8740,6194,476,6193,248,47,876,8316,1125,6189,156,36,2689,5241
634	328	9798,9805,8294,2679,7235,1151,8420,649,9711,10086,667,2912,672,8413,4842,697,7252,7213,8427,7253
635	587	11091,307,8164,298,4077,6114,5551,339,11098,704,2692,3278,8162,360,11106,11100,8161,4914,6120,5639
636	363	71,9419,1901,955,5234,1735,1680,5219,7885,1282,4058,6748,135,1036,1274,3936,2315,2519,145,10141
642	849	6345,3497,47,6887,1174,5978,5987,8954,876,9825,5135,8982,1794,122,3717,9840,1797,7946,9839,8316
644	576	3808,724,6813,926,4071,721,6825,6864,770,4069,4062,756,4063,914,750,4061,741,773,727,207
645	685	156,7113,7560,954,52,304,754,6,2801,5639,8735,151,36,149,8742,6881,3744,5560,8726,464
646	337	212,216,240,8906,200,194,5912,5551,197,457,704,541,3074,1054,237,224,3032,3065,204,8765
647	149	7974,1239,10103,6001,1234,10106,1238,3236,1229,10104,5247,1240,229,1237,170,10093,1230,269,6008,8485
648	340	11203,3732,3740,3739,3738,3737,3736,3735,3734,3733,3731,3742,3730,3729,3728,3727,3726,3725,3724,3723
649	257	10576,10580,10485,10486,3815,7518,5054,7516,5852,1818,10582,7512,7573,399,6477,1661,5621,6485,1659,5049
650	17	11203,3732,3740,3739,3738,3737,3736,3735,3734,3733,3731,3742,3730,3729,3728,3727,3726,3725,3724,3723
651	993	11203,3746,3754,3753,3752,3751,3750,3749,3748,3747,3745,3756,3744,3743,3742,3741,3740,3739,3738,3737
652	112	2670,2667,6667,2676,167,65,4403,166,2655,8153,6177,6653,134,6635,74,2917,1572,3819,5411,1903
653	921	11203,3731,3739,3738,3737,3736,3735,3734,3733,3732,3730,3741,3729,3728,3727,3726,3725,3724,3723,3722
655	773	252,8316,122,156,8320,876,888,47,8319,6887,8315,2839,1207,3012,1952,910,3286,5490,10938,6882
656	915	11203,3734,3742,3741,3740,3739,3738,3737,3736,3735,3733,3744,3732,3731,3730,3729,3728,3727,3726,3725
657	270	1174,3497,5987,3714,5978,6345,1974,9821,9825,1797,5993,5983,492,908,3564,9839,8425,9841,9824,9840
659	249	2914,4657,2385,7729,8234,6713,7747,3421,60,2298,7732,254,7741,7879,10989,9595,1672,1675,6168,4811
660	538	9705,6383,9704,9647,9648,9798,9650,7235,4522,2898,6039,1145,4130,9706,9927,5176,7238,2899,657,654
662	516	1030,4921,4922,583,320,229,4900,4494,579,917,4898,182,4896,4609,8068,4893,8069,573,1843,1249
664	469	855,1012,52,2851,8735,9067,6,1532,8726,6462,304,954,6461,210,8742,9064,5560,118,8727,2183
665	985	11203,3733,3741,3740,3739,3738,3737,3736,3735,3734,3732,3743,3731,3730,3729,3728,3727,3726,3725,3724
666	716	6517,278,5521,3813,4606,5874,5873,2985,5527,5875,59,5524,2984,809,846,1315,624,2982,858,132
667	689	6872,6114,1207,248,8740,476,1023,1348,156,1198,1195,502,8164,5981,7974,2693,2695,1835,323,2692
668	314	10870,8332,1044,6948,4192,6373,10883,10876,8925,8923,7163,6371,1708,10869,10877,3312,3794,1298,1542,4334
669	986	11203,3743,3751,3750,3749,3748,3747,3746,3745,3744,3742,3753,3741,3740,3739,3738,3737,3736,3735,3734
670	647	9422,9425,1753,241,1549,1551,361,4700,7153,2593,766,1560,6724,7148,6441,2204,3644,8628,7722,6725
671	343	9798,7235,1153,5556,9899,8420,9805,9646,7222,8294,7230,673,2912,8265,7252,8422,7253,1151,10085,10086
672	793	11203,3731,3739,3738,3737,3736,3735,3734,3733,3732,3730,3741,3729,3728,3727,3726,3725,3724,3723,3722
673	950	11203,3737,3745,3744,3743,3742,3741,3740,3739,3738,3736,3747,3735,3734,3733,3732,3731,3730,3729,3728
674	660	3256,10665,8016,10664,10592,8023,6720,5194,939,8993,4012,3249,7910,8015,4005,8839,4,5261,1599,8948
676	975	11203,3734,3742,3741,3740,3739,3738,3737,3736,3735,3733,3744,3732,3731,3730,3729,3728,3727,3726,3725
678	630	4306,4403,74,6635,955,166,71,2662,5359,90,5354,8147,816,2917,3474,3890,69,809,1551,830
679	772	8742,954,855,1012,52,8735,6,234,8726,6462,304,6907,118,6905,8736,1532,36,210,5560,6461
680	323	6114,1023,234,323,855,1012,1195,52,6,1966,8735,6120,2692,8742,8726,10237,6465,6462,304,8736
681	255	1901,5219,71,4058,1680,1735,4741,4057,9419,6665,6748,1923,7885,7904,10552,6638,3322,1274,7902,1036
683	797	8960,74,5359,166,4403,139,821,6635,7782,809,134,1498,8147,955,2662,71,2670,3467,2917,5354
684	770	10171,10969,5551,10203,6112,388,1659,1603,3486,185,1013,704,1112,4168,5864,10200,5912,1660,10169,1541
686	606	6114,855,1012,7057,6464,1023,2692,269,8735,52,6120,1966,5314,1532,8726,1013,6,6462,5323,1952
687	382	11203,3730,3738,3737,3736,3735,3734,3733,3732,3731,3729,3740,3728,3727,3726,3725,3724,3723,3722,3721
690	135	71,2917,955,87,7885,1680,3936,155,10009,1901,5219,6748,135,5186,1626,1634,10958,1282,2507,9419
691	843	3273,2061,7184,1299,4211,288,1235,285,10430,5153,2035,5507,1589,5509,4409,2039,2727,2048,1522,1517
692	947	11203,3731,3739,3738,3737,3736,3735,3734,3733,3732,3730,3741,3729,3728,3727,3726,3725,3724,3723,3722
693	901	3789,3151,9298,2909,9401,3376,5696,6594,8441,9372,4430,5700,4422,1637,2831,5797,1748,2906,3788,4426
695	904	11203,3730,3738,3737,3736,3735,3734,3733,3732,3731,3729,3740,3728,3727,3726,3725,3724,3723,3722,3721
696	345	4238,9822,8742,954,855,3408,9177,1012,52,8735,6758,6,7016,234,9051,8726,934,286,287,6462
698	523	8316,1249,8320,8065,8319,252,122,8315,4494,888,876,47,8061,8067,6887,910,573,442,246,1207
699	465	888,8740,1207,6882,6872,876,47,248,8316,156,36,122,6887,910,252,6874,8328,3299,8320,6873
700	645	7113,298,1348,7,8161,156,6114,7560,1264,8162,8163,1023,502,2801,5639,1195,149,8164,3744,1570
701	551	955,71,3467,135,2917,1901,1628,58,9419,8147,3936,5234,2296,10958,4815,90,1680,7885,1683,69
702	104	122,876,252,156,36,47,8316,888,6887,1207,4095,1657,5490,8317,6877,855,8320,1802,6882,892
703	61	156,1030,73,819,220,917,417,1348,871,363,26,4898,4922,41,384,2947,228,362,410,3206
704	723	5611,876,5612,329,252,47,9999,8316,36,9114,6887,9100,8573,888,8085,8511,1207,8524,4095,9124
706	137	6114,7082,8742,25,1023,809,3273,4207,6464,846,858,59,4199,821,8735,8950,132,624,6120,4212
707	995	11203,3732,3740,3739,3738,3737,3736,3735,3734,3733,3731,3742,3730,3729,3728,3727,3726,3725,3724,3723
708	409	11052,9789,5098,122,855,421,3956,617,1012,412,252,1624,6935,5412,439,4569,52,5808,6940,3217
709	865	8742,855,8554,1012,8735,6,954,8726,6462,8542,5606,118,234,8576,8070,9113,9107,1532,8544,329
710	769	4925,11203,3720,3739,3738,3737,3736,3735,3734,3733,3732,3731,3730,3729,3728,3727,3726,3725,3724,3723
711	493	532,5551,7440,938,491,3631,704,511,7410,2349,159,1807,7409,7408,7443,4153,3298,7414,10111,4906
712	279	1930,6536,1945,8712,894,4013,6352,7813,5488,1935,1971,902,3740,5487,7814,1936,1940,2356,1742,2360
713	276	1542,6091,4575,4580,6093,2724,6444,6089,4567,6446,4578,4577,4261,1543,2178,4260,4573,4574,1546,1544
714	209	862,1561,1557,7458,7457,1753,6054,7144,4698,9732,7066,7084,6287,1551,4700,525,7079,1015,241,9726
715	727	876,6887,888,1207,122,6877,8316,6873,36,6882,6878,252,6874,246,4095,892,6872,7974,8320,4084
717	12	6635,4403,2662,5354,955,2917,71,74,144,1903,6664,134,6659,2670,3467,7786,1572,135,1901,8147
718	479	442,7113,298,4494,1348,156,7,11138,8161,6114,579,182,8068,7974,7560,8069,1264,1023,8162,8163
720	573	122,246,36,876,156,8316,4605,47,888,6887,5490,1207,384,8320,4095,1802,228,6882,8315,6877
722	298	855,156,1012,52,8735,6,304,464,8726,954,812,210,6462,6461,8727,5560,8160,8742,6114,1348
724	775	9981,10972,9995,9085,4073,9665,9994,10971,442,9997,9666,122,9985,876,4494,156,252,9667,36,9986
725	233	8525,8713,873,886,8715,4600,2965,2766,995,2946,2764,5741,607,864,5732,3190,387,10228,8774,5738
726	747	855,1012,1030,917,4896,7337,8735,4898,6,8742,118,954,4922,4893,6461,304,8726,4902,4900,5560
727	634	7621,5394,3002,5405,865,3217,2888,2889,3425,3797,5417,11052,5418,5098,5441,11050,1624,10708,5415,3337
728	380	7512,7519,2282,6474,8505,6477,6485,6507,8504,6471,6504,6496,6499,6478,6500,3733,3734,3732,3731,3730
729	820	11203,3731,3739,3738,3737,3736,3735,3734,3733,3732,3730,3741,3729,3728,3727,3726,3725,3724,3723,3722
730	229	10819,10827,2946,1783,10821,2951,10824,1264,3340,2978,156,297,986,122,6116,876,6114,6122,296,36
731	880	6114,1023,6377,1661,7560,10969,1659,1966,3033,3486,6120,3074,7113,185,6465,6464,1660,5045,3069,1195
732	837	1204,2868,2797,2866,9450,371,2875,9439,10419,2877,8858,9688,10411,8859,9686,10399,2876,6770,8856,4867
733	41	71,7885,1680,6748,955,1901,3936,5219,7883,1634,1274,2917,4740,2005,1282,9419,1735,5186,135,155
734	159	8147,1029,1683,71,2509,955,1901,7405,9419,5234,2512,135,3478,3467,145,1575,1282,2917,1606,2532
735	102	11203,3732,3740,3739,3738,3737,3736,3735,3734,3733,3731,3742,3730,3729,3728,3727,3726,3725,3724,3723
736	174	6235,9154,1763,1733,3942,6251,1578,9167,1586,6579,1596,1758,9168,6602,3943,6240,7801,6237,5485,9182
737	692	1003,269,6291,3673,6290,4183,1368,4670,3817,231,4171,6292,10818,4665,5314,9544,1360,9720,3363,1364
738	779	6872,6882,248,1207,3310,47,8740,476,6887,122,6874,6873,6878,8328,6877,5474,5475,1519,9052,4087
739	414	2563,2751,2744,2748,2578,2745,10694,2747,2579,2584,2572,2566,10702,2571,1331,2573,2569,10683,2589,10675
741	835	10071,9938,1023,3578,3559,6114,3565,8332,10870,3541,3551,3577,4219,3542,8160,3554,3548,3601,3534,3568
743	897	6241,9258,2607,1183,1578,6605,2460,1733,7808,6237,1734,1596,3943,6579,3942,6243,6611,2482,7796,10982
744	269	156,7463,888,6295,9008,4257,3033,3074,10573,52,8784,1207,855,6872,6882,1998,457,9009,1985,1983
745	967	11203,3732,3740,3739,3738,3737,3736,3735,3734,3733,3731,3742,3730,3729,3728,3727,3726,3725,3724,3723
747	490	7974,3236,5877,485,170,364,269,1003,3673,182,59,1251,442,809,4494,171,5314,846,7975,1753
749	929	11203,3739,3747,3746,3745,3744,3743,3742,3741,3740,3738,3749,3737,3736,3735,3734,3733,3732,3731,3730
750	70	3564,290,908,3497,9826,9824,5997,1974,8248,6345,1791,1198,2012,274,492,1174,2684,934,6743,9827
751	669	4359,4372,8940,8929,4371,625,8928,4370,4356,8932,1591,7486,1592,4357,156,4361,4364,7487,4382,4368
752	120	5442,3564,870,9824,8248,10129,10932,6743,5997,536,5451,492,11047,1178,9826,554,5453,1974,10925,1174
753	76	182,4494,2230,1249,8065,442,10103,573,10104,8061,583,8067,10106,579,8069,8068,1843,8066,170,10093
755	608	4899,917,4898,229,1030,4893,4896,4922,4921,3014,362,4900,4894,4902,4895,4901,2577,3029,2988,417
756	200	439,2972,412,11202,5490,2145,156,228,9789,452,5808,9052,421,4087,36,2265,8282,8744,876,2266
757	635	6114,360,1023,2692,6120,1966,4906,532,6464,491,156,1807,1348,1907,524,6465,10916,159,570,1976
759	405	156,6,1348,6114,6131,8160,1023,855,10093,1012,111,3744,7,7113,8,502,7560,1195,954,1264
760	584	3863,5820,3869,6842,6726,9791,1314,4988,4160,26,7406,5823,228,3865,427,5819,150,419,800,3937
761	845	6114,1023,1434,1195,323,1966,6120,2692,4017,8337,9990,156,6465,6464,1348,7563,111,6123,6125,3964
762	644	11203,3731,3739,3738,3737,3736,3735,3734,3733,3732,3730,3741,3729,3728,3727,3726,3725,3724,3723,3722
763	577	1617,10459,1622,7589,3402,4115,1608,7578,7587,1623,1630,1607,3351,10467,7833,7522,10700,1627,1632,1612
764	259	5354,955,71,2917,4403,135,6635,145,1901,8147,90,2662,9419,166,1282,58,3936,1628,69,5234
765	914	11203,3739,3747,3746,3745,3744,3743,3742,3741,3740,3738,3749,3737,3736,3735,3734,3733,3732,3731,3730
766	702	5490,122,156,888,876,47,8734,6887,8728,1207,910,246,6882,4089,892,6878,6872,4080,7257,6877
767	502	11203,3731,3739,3738,3737,3736,3735,3734,3733,3732,3730,3741,3729,3728,3727,3726,3725,3724,3723,3722
769	344	2428,79,7412,7427,173,10663,10139,10655,11066,10119,10128,632,5386,5392,9938,2614,870,9845,9842,9844
770	7	252,3830,2484,10317,3835,10788,10318,8316,3831,809,10320,6235,9154,10315,3833,10356,10347,6251,9191,1733
771	951	11203,3736,3744,3743,3742,3741,3740,3739,3738,3737,3735,3746,3734,3733,3732,3731,3730,3729,3728,3727
772	247	660,690,11203,3743,3742,3741,3740,3739,3738,3737,3736,3735,3734,3745,3733,3732,3731,3730,3729,3728
773	898	812,11,156,5814,436,643,2947,1348,363,220,12,7371,1482,457,417,1054,6114,36,6,3784
775	277	724,6999,6813,7007,926,7002,7001,7008,7012,7009,4071,6825,721,6864,4069,7005,4062,770,756,914
777	377	1030,2091,442,4921,4898,4922,362,10692,4900,4896,4893,583,2065,4494,10432,8950,1577,2042,9874,4895
778	453	1348,7560,7802,1264,1114,256,255,1102,1105,1099,1100,1117,1103,5282,10014,7113,156,266,1118,933
779	272	1753,1551,8712,6441,6536,6724,1560,4013,6725,1930,7555,7722,7691,7146,1386,2360,7148,2206,8628,9795
780	57	8147,2512,1901,71,9419,7405,10534,955,10544,5234,10511,2700,7784,10522,1575,135,1683,2509,8593,1680
781	591	7113,298,862,1561,7,1557,7560,7458,8089,8161,6114,8163,5639,9780,3779,8162,2801,1195,502,8164
783	519	9542,6497,4939,1161,8954,2,8960,2213,4936,8948,8982,8023,8968,2190,10592,8016,8296,10665,8974,4942
785	785	532,7440,491,920,7410,938,511,4906,159,3631,5458,1807,7443,10113,6101,1907,575,521,942,7408
786	609	457,8742,855,47,3065,1012,888,3074,1207,8735,1054,876,3072,6887,224,8726,6882,161,3069,6462
787	38	3182,7704,1597,5106,947,1859,5414,3954,1595,3187,3351,5294,3955,4732,2531,4772,4771,2917,1901,6649
788	411	6114,1023,1361,1195,323,5315,1966,6120,2692,231,640,7968,6291,4926,156,4925,4255,3673,6465,6464
789	83	6114,1023,1480,1390,10177,3041,2902,8316,9889,10157,1394,9890,5064,156,3108,3634,179,273,1966,1254
790	366	407,228,617,412,384,439,150,2145,8282,5808,9789,54,446,417,452,220,8276,4605,3206,8275
792	930	11203,3732,3740,3739,3738,3737,3736,3735,3734,3733,3731,3742,3730,3729,3728,3727,3726,3725,3724,3723
793	847	11203,3732,3740,3739,3738,3737,3736,3735,3734,3733,3731,3742,3730,3729,3728,3727,3726,3725,3724,3723
794	949	11203,3732,3740,3739,3738,3737,3736,3735,3734,3733,3731,3742,3730,3729,3728,3727,3726,3725,3724,3723
797	448	6690,5893,7137,11137,6694,5897,4391,7479,7129,6686,5129,6693,10746,6315,10738,10745,6314,10732,5904,7133
798	88	8316,8320,1178,3564,888,910,855,9826,8319,8315,819,1012,908,252,6882,122,9881,892,9824,156
799	908	11203,3730,3738,3737,3736,3735,3734,3733,3732,3731,3729,3740,3728,3727,3726,3725,3724,3723,3722,3721
801	11	156,8316,252,122,6,1348,855,6114,876,8320,888,1012,1023,954,8160,47,6131,8319,52,5490
802	219	1348,156,855,1012,1264,59,8160,52,7560,6131,6,464,7,846,111,6114,5560,809,624,3744
803	476	5551,704,8742,954,855,1012,52,8735,6,234,8726,6462,304,118,1532,8736,1140,210,5560,6461
804	510	6114,1023,1195,323,1966,6120,2692,1244,1257,1253,6465,6464,1348,7563,111,6123,6125,3964,8160,2801
805	873	5187,122,4781,8316,8221,584,10090,91,2495,5185,888,10092,4804,4770,528,4906,1727,127,5359,491
806	282	619,8316,122,47,36,6887,888,252,876,8320,156,8315,1207,6878,6882,182,5635,8319,892,6872
808	742	1013,3784,104,1482,4251,4252,8770,457,3841,3845,3859,3856,619,1054,2947,161,3844,8310,8766,541
810	541	11203,3732,3740,3739,3738,3737,3736,3735,3734,3733,3731,3742,3730,3729,3728,3727,3726,3725,3724,3723
813	927	11203,3731,3739,3738,3737,3736,3735,3734,3733,3732,3730,3741,3729,3728,3727,3726,3725,3724,3723,3722
814	892	121,1691,8087,1469,8089,7159,1092,7636,265,5500,3873,3779,5656,9780,9382,3439,156,3545,3554,4707
815	427	47,619,3844,6887,3845,3856,3859,876,3841,1207,888,8316,3843,404,6878,122,36,6877,3860,6882
819	557	955,71,3467,5354,135,2917,145,1901,9419,1628,1282,58,3936,5234,1606,8147,2296,10958,4403,4815
820	97	6235,1733,10981,6251,2482,6237,6579,3941,6602,1596,3943,3942,2480,1732,10438,2481,6241,10209,8758,10804
821	703	6887,8316,47,876,252,36,888,156,246,1207,6878,8320,11026,8315,6882,10611,6877,1008,4095,8319
822	420	11203,3732,3740,3739,3738,3737,3736,3735,3734,3733,3731,3742,3730,3729,3728,3727,3726,3725,3724,3723
823	570	9308,9339,1748,9316,9302,2436,9329,9326,9344,4440,9305,5695,1756,9297,9298,9320,5706,9331,4702,9307
824	398	8742,954,855,1012,52,8735,6,234,8726,6462,304,118,1532,8736,36,210,6461,5560,464,6114
825	599	855,6114,52,8735,1532,1023,6,876,8726,1195,323,6462,210,1348,304,464,2692,6461,122,6464
826	963	11203,3733,3741,3740,3739,3738,3737,3736,3735,3734,3732,3743,3731,3730,3729,3728,3727,3726,3725,3724
828	682	6114,4898,122,4893,1023,8316,252,360,4895,4902,1195,4117,6887,47,4901,2692,192,888,246,6120
829	922	11203,3732,3740,3739,3738,3737,3736,3735,3734,3733,3731,3742,3730,3729,3728,3727,3726,3725,3724,3723
830	656	2965,2764,2766,8812,2946,2769,387,4287,2765,2977,2770,2774,10229,2967,8808,10232,2784,2772,8813,4658
831	690	1508,8316,60,1675,7750,1673,94,7732,4812,7741,9635,6713,1672,4769,7881,7202,7199,3353,4657,8320
832	918	11203,3734,3742,3741,3740,3739,3738,3737,3736,3735,3733,3744,3732,3731,3730,3729,3728,3727,3726,3725
833	471	8316,252,855,2935,122,1012,52,8320,8735,8319,8819,7050,8315,6,3613,8726,47,6887,6462,8742
834	812	7690,3321,1901,5219,71,1680,2917,5186,155,5555,955,7885,6748,9419,2143,1735,7904,3421,2005,10009
835	713	7359,5643,5642,6024,7358,7357,5652,5640,5641,5645,7387,5644,10296,2547,7386,6028,5650,4098,7385,4459
836	884	197,4631,4447,10828,216,194,4632,203,212,204,200,232,242,5634,4633,10276,9786,240,5839,213
838	13	4033,5551,704,4621,2428,5261,1140,5912,4545,939,2318,3287,940,4546,4619,3256,3288,941,8392,4012
839	560	8974,8023,8019,8962,9964,10608,8975,10609,8986,8016,10274,8026,2214,9707,7616,3695,8961,7614,10666,8972
840	671	5551,3074,704,1054,3069,224,457,7923,3065,541,3033,7974,2947,2399,161,3050,7922,1140,5912,1468
841	625	7202,1683,8147,139,90,955,3467,71,69,2835,1029,9495,1853,74,1901,135,2917,4403,967,2381
843	158	6114,1753,1023,1551,6441,6724,1560,6725,360,1888,876,7555,7722,7691,7146,156,1195,7148,6887,2206
844	396	6114,2692,6120,1966,323,4494,888,382,583,8069,6464,8068,3033,1023,3074,7563,6123,573,3069,457
846	156	189,4077,339,4086,156,4081,111,6114,4082,1023,855,6127,5490,1012,1348,52,6,8160,304,36
847	288	6251,6235,1733,1578,2482,10981,1763,10812,6241,6237,6579,1596,10804,10325,10356,10347,6602,1586,10343,9167
848	919	11203,3731,3739,3738,3737,3736,3735,3734,3733,3732,3730,3741,3729,3728,3727,3726,3725,3724,3723,3722
849	881	6235,1733,6251,10981,2482,3942,1578,6579,6237,10804,10325,2480,3941,10438,1596,1586,6602,1763,6241,3943
851	309	252,3033,122,4690,3074,1339,1367,8316,1364,3069,457,1306,1054,193,541,3065,1050,1296,1335,4674
853	992	11203,3734,3742,3741,3740,3739,3738,3737,3736,3735,3733,3744,3732,3731,3730,3729,3728,3727,3726,3725
854	787	1753,7153,3890,1551,4700,361,2593,766,241,1560,6724,7148,6441,7826,2204,1549,3644,8628,7722,6255
855	695	412,228,9789,421,5824,446,54,452,150,384,417,220,458,26,432,3323,4825,4160,429,4826
856	325	1249,8065,4331,7113,298,1348,4494,7,8161,156,8061,6114,8067,7560,573,442,1264,8162,1023,8163
857	202	6114,888,2692,1023,360,323,6120,6464,1966,2916,920,6872,1207,3321,11127,6882,1901,2917,8740,155
858	855	156,1753,6114,6441,1560,6724,7722,6725,360,7724,8628,7555,7691,7146,2206,1023,2692,9795,6255,7725
859	566	809,1753,7078,361,846,9930,840,8316,7148,7826,1551,624,59,836,832,826,799,816,766,132
860	384	156,855,1012,122,876,47,6887,6461,304,252,8316,36,464,8735,5560,888,6877,1207,4095,954
862	280	4563,6297,4564,182,2239,4494,1249,8065,442,573,8061,583,8067,171,579,8069,8068,1843,8066,170
863	281	2484,114,10317,10788,10318,9191,6235,9154,10356,10347,110,6251,1761,10315,1733,1578,124,6604,10343,10365
864	706	7857,10710,10739,10725,8000,7845,6744,10723,10722,1729,7868,2756,3625,10743,442,6570,5926,10716,9366,6042
865	759	5551,704,1140,5912,156,5814,1348,8341,36,972,1048,6,6114,876,855,10611,888,8316,5490,954
866	253	71,7885,6748,5219,2005,1901,955,2917,5186,3936,7883,155,1274,1634,1735,4740,87,9419,1282,135
867	374	3673,269,8239,5345,1003,6294,6291,4949,9039,5314,231,5225,1825,3817,5324,7968,640,6290,5336,5326
869	678	6872,1207,248,579,152,1843,170,103,269,1562,1003,1251,364,3673,59,809,5314,846,284,1753
871	567	2246,26,427,1023,6114,5412,48,5306,11052,4776,4777,5292,5434,8160,2309,4569,5098,426,2248,1064
872	470	2757,3765,3741,3740,3739,3738,3737,3736,3735,3734,3733,3732,3731,3730,3729,3728,3727,3726,3725,3724
873	55	1030,917,2960,4896,4898,4922,4893,3195,4902,10228,4900,4901,4895,4921,362,320,10230,7672,3214,4899
874	28	11203,3733,3741,3740,3739,3738,3737,3736,3735,3734,3732,3743,3731,3730,3729,3728,3727,3726,3725,3724
875	636	47,888,1207,876,278,6887,1655,5551,6882,8316,9031,1157,5005,6874,6872,122,36,6878,1479,704
877	546	6020,5540,8053,11026,4464,11033,10673,11117,5566,11118,4719,7925,11030,21,8057,4884,11038,11035,11041,4566
880	480	156,6114,1023,8160,855,1348,1195,323,6,1012,189,307,360,2692,304,52,4077,825,6120,954
881	762	156,1985,3683,2791,1983,10573,52,11120,855,4257,1012,954,6,304,8735,5560,8742,6461,10630,36
882	868	8316,156,252,122,8320,888,876,8319,47,910,8315,6887,246,1207,5490,954,855,6882,6,52
884	224	1376,156,6,1348,6114,6131,5913,1023,1341,8160,855,4665,1012,4674,1342,111,7,3744,7113,502
885	673	6383,7941,1145,2271,2279,229,156,1030,4522,73,819,220,917,417,1348,871,7940,363,6389,26
886	867	7802,5762,256,5752,255,5753,1102,1105,1099,5759,1100,1117,5755,1103,266,5758,933,1118,5764,5760
890	978	11203,3731,3739,3738,3737,3736,3735,3734,3733,3732,3730,3741,3729,3728,3727,3726,3725,3724,3723,3722
891	896	6114,8164,156,1012,1023,1049,6464,8035,298,180,1532,876,1966,52,6,6887,888,8735,583,4545
892	134	3578,3559,3565,3541,3551,3577,3542,3554,3548,3534,3601,3568,3576,3543,3566,3602,3553,3560,3575,3569
893	350	6251,6235,10347,1761,10356,3610,1734,10812,3942,10346,1733,4033,1578,10343,6241,7796,1763,2448,1183,1759
894	709	6872,6882,248,228,2123,8740,6887,8160,1753,1725,3644,2133,432,446,9319,1551,6114,1023,111,429
895	499	4884,6298,4880,3732,3740,3739,3738,3737,3736,3735,3734,3733,3731,3742,3730,3729,3728,3727,3726,3725
896	792	371,1023,624,6893,372,8316,376,373,5040,379,3957,252,6772,4896,3958,10388,6721,831,6896,10389
897	203	7113,2867,298,4494,7560,573,3074,8161,182,502,8162,6114,8164,583,1054,3069,1348,8163,3735,8069
898	383	1012,8742,10177,1801,6830,457,1188,541,1532,3032,954,234,1803,464,224,1815,3072,8765,7758,3050
900	574	11203,3732,3740,3739,3738,3737,3736,3735,3734,3733,3731,3742,3730,3729,3728,3727,3726,3725,3724,3723
901	10	155,2917,5186,3321,5219,1680,1901,71,2143,955,10009,7885,2005,6748,1626,3936,7904,1735,9419,87
902	131	855,6261,47,6887,876,122,52,1532,8735,9427,8316,6,36,252,6877,8726,1602,6462,1207,210
903	526	11203,3732,3740,3739,3738,3737,3736,3735,3734,3733,3731,3742,3730,3729,3728,3727,3726,3725,3724,3723
904	531	6114,1023,6887,888,457,3074,1195,224,1207,3065,6464,2692,6877,3033,322,1054,3069,6120,3072,1966
905	108	9762,7164,9763,1469,5951,7366,7974,7162,5952,7370,9969,8087,7371,8089,5814,9970,156,7159,696,3236
906	437	1207,888,6874,10157,179,6872,892,1418,5551,6873,8573,10159,5912,8575,8576,8160,704,5670,8524,8085
907	728	10439,6342,4350,7525,9679,5555,8482,3163,3174,3692,5367,3164,6566,5805,10280,7690,3180,3162,5830,129
908	243	3012,7850,9063,10950,10956,7861,2604,7856,10938,2842,3628,172,3256,5261,939,137,7841,937,936,3249
909	311	11203,3731,3739,3738,3737,3736,3735,3734,3733,3732,3730,3741,3729,3728,3727,3726,3725,3724,3723,3722
910	565	2725,9056,595,10985,96,10986,9398,6164,4510,5376,597,9060,1283,594,7874,6569,596,7865,4550,7844
911	182	6114,1023,8316,323,47,855,846,6887,888,224,122,3074,1195,156,1012,6878,1030,876,3050,252
912	92	1753,1013,4700,9422,3890,9425,7153,766,7148,7826,241,2204,6724,6441,7078,2593,3644,6255,4118,6915
913	879	313,994,3000,6114,1023,8160,855,1348,6,1195,323,1012,2363,189,307,360,52,2692,198,304
914	749	269,122,5314,11166,1176,5194,4049,4048,1361,47,6887,5315,4999,8637,252,8316,950,9367,4979,888
916	938	11203,3732,3740,3739,3738,3737,3736,3735,3734,3733,3731,3742,3730,3729,3728,3727,3726,3725,3724,3723
917	39	1769,3692,1888,6520,3683,9008,8627,1887,10280,3680,3491,9005,5555,5175,7528,9679,2295,1892,10573,11012
919	611	11187,5949,1054,457,7327,6721,3075,3858,7910,8745,6720,7914,363,3074,5670,5946,7913,541,217,3065
920	936	11203,3730,3738,3737,3736,3735,3734,3733,3732,3731,3729,3740,3728,3727,3726,3725,3724,3723,3722,3721
921	533	11203,3732,3740,3739,3738,3737,3736,3735,3734,3733,3731,3742,3730,3729,3728,3727,3726,3725,3724,3723
922	758	9526,1822,8023,8020,8019,9525,4005,10665,10592,8016,8026,10608,9550,8316,8425,2214,9964,9710,3497,6797
923	786	71,5234,1282,10141,1279,2315,10958,3476,4735,10007,2507,7884,2371,4733,3399,1858,4808,6172,9016,1573
927	18	252,6995,5056,8316,7802,3514,5762,5752,1245,5229,47,246,6887,888,1189,8320,5753,6993,5223,1114
929	578	334,3097,3139,3094,3092,3093,3106,8619,3120,10494,7113,7301,7350,3091,3104,7276,3118,7351,7272,6562
930	711	7974,3236,5877,485,170,364,269,1003,3673,182,59,1251,442,809,4494,171,5314,846,7975,1753
931	984	11203,3730,3738,3737,3736,3735,3734,3733,3732,3731,3729,3740,3728,3727,3726,3725,3724,3723,3722,3721
932	806	3033,3074,252,855,8316,8742,10074,1012,70,4804,8735,3069,52,457,5187,122,1054,193,954,541
933	665	1030,917,4896,4898,4922,4893,4902,4900,2547,4901,2552,4895,4921,362,320,2546,4899,10629,2548,2554
934	37	9977,9978,4060,10569,6999,6845,4071,3808,6998,2148,10615,7005,2646,914,2643,6850,4069,7011,2640,4062
935	623	3256,3249,8839,4007,939,5194,4012,1599,8742,11166,3252,954,5261,4049,855,4045,518,4046,11167,5198
937	175	4251,4252,457,161,8766,8770,1054,5723,8765,3784,541,3046,2947,8310,3074,8785,3848,4253,3050,224
938	372	888,156,1012,855,304,464,6872,1207,4922,6882,8727,8740,4921,476,320,5560,362,8735,248,6461
939	227	4077,6872,189,4494,8740,1161,156,583,476,573,182,8069,8068,1030,10310,4921,362,4081,10309,8984
942	959	11203,3731,3739,3738,3737,3736,3735,3734,3733,3732,3730,3741,3729,3728,3727,3726,3725,3724,3723,3722
943	421	1659,955,3217,3425,3467,135,5354,145,1660,5306,1628,9419,5234,1606,2296,4815,1282,58,5358,3330
944	627	11203,3731,3739,3738,3737,3736,3735,3734,3733,3732,3730,3741,3729,3728,3727,3726,3725,3724,3723,3722
945	145	6187,809,6203,6202,1524,6207,6209,8316,6184,6190,6322,6200,888,6325,6198,6330,6211,6213,10999,600
946	232	7235,7252,7253,4523,7226,10088,7247,4519,8422,4869,7225,9798,7234,7227,671,7228,1151,8294,5747,7823
948	190	782,8040,7559,156,2012,1012,855,3564,6815,8224,1178,304,5985,8727,8248,934,9835,52,908,1791
950	212	122,876,47,5441,6887,252,8316,3002,36,888,865,1207,5405,6877,4095,7752,5394,3217,10709,11052
952	988	11203,3732,3740,3739,3738,3737,3736,3735,3734,3733,3731,3742,3730,3729,3728,3727,3726,3725,3724,3723
953	438	11203,3730,3738,3737,3736,3735,3734,3733,3732,3731,3729,3740,3728,3727,3726,3725,3724,3723,3722,3721
955	95	4898,229,4893,1030,4896,4895,4902,4922,4901,4921,4900,362,320,4899,3014,3020,4894,3017,73,2577
958	888	228,6887,18,1207,4275,876,888,4319,6878,457,122,8316,1023,54,6882,1324,6114,252,6873,6874
959	150	8742,954,855,1012,52,8735,6,234,8726,6462,304,118,1532,8736,36,210,6461,5560,464,6114
961	99	8940,8929,8928,4372,4373,8932,4359,625,7486,1590,5111,7487,4361,634,4360,4357,8001,7997,7999,4387
963	334	1589,4198,2048,9877,5153,3273,4393,2243,4197,2738,2047,3667,1522,4396,2244,4214,5507,2091,2088,292
964	907	11203,3740,3748,3747,3746,3745,3744,3743,3742,3741,3739,3750,3738,3737,3736,3735,3734,3733,3732,3731
965	71	156,855,6,1012,234,52,8735,8742,36,8726,8736,304,6462,6114,1348,118,8316,8160,1532,5560
966	839	853,809,816,846,59,799,811,5966,624,830,115,844,132,826,858,840,9930,817,5040,821
967	853	11203,3731,3739,3738,3737,3736,3735,3734,3733,3732,3730,3741,3729,3728,3727,3726,3725,3724,3723,3722
969	173	5162,9559,10652,1411,5443,943,7420,7418,7439,4906,5450,1402,7417,528,3206,491,952,532,7051,1049
970	761	11203,3732,3740,3739,3738,3737,3736,3735,3734,3733,3731,3742,3730,3729,3728,3727,3726,3725,3724,3723
971	147	5551,704,7990,7986,7989,7566,7982,7570,5147,1140,7567,5912,7992,7994,7993,7984,7626,156,7987,5814
972	358	9298,5700,8441,1638,4422,10379,6969,6594,5696,1637,10382,4423,2905,2909,1748,9339,9308,6966,9316,10381
973	585	189,4077,339,156,4086,4081,6114,1348,6,1023,855,111,8160,1012,52,6131,4082,5490,954,304
974	415	955,71,135,145,9419,5234,1282,1606,3467,1901,2917,3936,8147,10958,58,2509,1628,1279,7885,1680
975	491	9798,1110,7255,7240,9518,4526,4508,670,9517,689,7254,9854,4341,7248,7875,7244,5930,10087,9812,7235
976	957	11203,3735,3743,3742,3741,3740,3739,3738,3737,3736,3734,3745,3733,3732,3731,3730,3729,3728,3727,3726
977	481	888,6872,1207,6882,8740,476,248,876,47,8316,36,156,122,6887,6874,910,252,8328,8320,6873
978	432	9679,7690,5465,3692,11201,4350,9523,10226,9035,10647,3174,3163,8627,6520,129,728,8482,8623,8469,10439
979	273	156,1012,855,464,8727,52,6,8735,5560,6461,954,8726,8160,6462,151,210,6114,111,1348,1023
980	318	1012,8735,52,8742,8726,6462,954,6,228,5044,210,5923,1532,118,6114,6461,304,234,1023,8736
981	677	11203,3731,3739,3738,3737,3736,3735,3734,3733,3732,3730,3741,3729,3728,3727,3726,3725,3724,3723,3722
983	474	8089,3779,1691,8087,9780,9762,9781,9969,9782,3439,9970,1696,9763,7159,7162,7164,7160,8120,2760,8092
984	258	156,855,1012,6461,8735,5560,8316,6,8726,8742,1532,6462,252,464,210,122,5490,304,8320,8736
985	25	2581,1030,4896,917,5552,5545,4922,4898,4900,2332,5550,4893,2333,2331,4902,4901,7974,4921,4895,359
986	701	4251,4253,4252,3784,1228,457,8785,1482,4255,2947,1054,1013,104,3046,161,3848,541,3074,2353,3841
987	593	3493,3494,3504,3505,2868,230,473,2797,3496,1204,9688,6769,3492,3089,9439,371,1481,2866,3515,8856
988	657	6721,1054,7932,4249,3074,457,3050,2947,193,224,541,3069,3065,128,161,3033,7933,3076,9900,6720
989	266	888,6872,4619,269,4615,6882,8740,476,4622,4033,3789,4618,5551,3788,4617,1730,5887,5322,10377,6162
990	780	71,135,145,9419,5234,1282,1901,8147,3467,2917,3936,2509,10958,1279,7885,1680,58,10141,5219,2371
992	376	541,3065,3074,5005,224,161,3069,3072,6720,193,3033,3047,6727,7910,3071,6721,3784,7930,3032,3051
994	757	1590,4359,4373,8172,1591,4360,4381,9957,4371,9953,1588,4477,5111,8182,4370,4380,7487,8177,8005,8001
996	487	855,8735,52,954,8742,8726,6,6462,304,1532,210,6461,118,5560,464,234,8736,36,8160,6114
997	226	5791,5551,5796,704,5786,5390,9618,9500,9617,1140,5912,5770,5578,1182,9498,1482,812,5793,156,8278
999	217	583,4494,6978,7531,8615,3825,7551,8068,4886,8069,1788,7545,579,7533,7542,10999,1668,10910,8612,1987
